KO	B80_1	B80_2	B80_3	B80_4	B80_5	B80_6	LF_1	LF_2	LF_3	LF_4	LF_5	LF_6
ko00010	34.3515966596	33.6734001944	34.5996819266	33.5542717004	33.3924236922	33.7218222624	31.5948977927	32.310520362	30.6316585332	30.6554059265	29.6423076923	32.3106581576
ko00020	26.7974179912	26.3546245584	27.4794388277	25.332020657	26.1920834846	26.4454516308	20.4796024645	24.7874966729	19.2603615369	18.6974871581	17.8190540908	23.6034613821
ko00030	24.4277306919	23.6975602817	23.7527926086	22.8373617563	23.9843466295	23.7460141654	22.055903427	23.3068937982	20.9685889065	20.9858392337	20.1367219353	22.6321707002
ko00040	15.5854694656	15.7163382886	14.9112234466	13.5556158181	16.1381854322	15.1743857297	11.1639959343	15.7525951557	10.4230531308	9.50384870501	8.76425659147	13.9047501193
ko00052	12.8159230785	13.0703938165	11.8381423	11.6524630368	13.5282964775	12.2934944184	10.4980361647	13.1386079319	10.1959413018	9.40213182779	9.0165941832	12.1236409921
ko00053	7.48792921234	7.35393697987	7.67950319967	6.71867852006	7.41948739512	7.21769798012	5.18693453464	6.72458078254	4.65052580933	4.51171579743	4.1111986953	6.28620927396
ko00061	18.7838448308	18.8378737226	18.5389071907	17.7323319263	18.8735498175	18.5060771226	16.0398288389	18.3780775885	15.0331809746	14.6736236445	14.1295732536	17.5378047271
ko00071	30.7392709866	31.7038907461	33.2096065735	30.3713537859	30.9360295101	31.3204552741	22.9908019726	29.6644430397	21.3616915252	20.3287210576	18.6729953792	27.7697420758
ko00072	7.98304909132	8.06728785831	8.84221288197	7.3275874266	7.85221994992	8.12193593518	4.66514411916	7.10651783338	3.94539143584	3.60096873216	3.00039412884	6.30820089451
ko00120	0.593136747	0.602864120255	0.692377598546	0.556724125734	0.603562623039	0.601518551983	0.346626344255	0.539559488954	0.290896281531	0.286670677341	0.239671106279	0.490250499408
ko00190	49.4735893238	50.2563719563	50.3099322201	49.0559813238	50.3145008696	49.4538459296	46.2397886838	47.6254824328	45.8827926318	45.2873956839	44.8217858114	47.5455477575
ko00230	64.1349441532	63.1596604785	63.5784959673	61.8828259485	62.918120831	62.7404762599	57.9750787416	62.6317041522	55.6589971819	55.4207968902	53.7462489807	60.4988597592
ko00240	42.6216300226	42.4515968419	42.7995001704	41.8301931285	42.2803654364	42.3380308374	39.0998230666	40.9273190045	38.1617808784	37.9383435914	37.0251427018	40.5129846023
ko00250	29.113413598	28.8711382981	28.9691393086	28.3818473365	28.7332619789	28.5684514267	25.6265073848	28.1482066809	24.6559385525	24.4227559505	23.2754009242	27.378241731
ko00253	5.01954120646	5.10742821917	5.07442538529	4.90661919023	5.14523804973	5.09985718033	4.60054460353	5.10952887943	4.45778060348	4.44748330171	4.2554498505	4.87814450121
ko00260	33.6504755787	33.1484458354	33.3970805407	32.2498879902	32.9756885381	32.5754175289	27.349512492	31.6113920681	25.839731253	25.3823715427	24.0693259038	30.6072091502
ko00270	25.9986737675	25.34253266	25.7203226173	24.7593793477	25.2129355326	25.0765105366	22.1359124619	24.3809555496	21.0589903086	20.9713545282	19.7819380266	23.6246574858
ko00280	37.174834739	38.5588353842	40.7999545609	36.1062560426	37.7728063302	38.3024133609	25.6295315657	35.1152848017	23.4745686989	21.8343899918	19.706673009	32.302543886
ko00281	15.4412002404	15.5150674538	16.6760952706	14.437097649	15.0737562355	15.3851467545	9.88377608513	14.0437183923	8.55642999519	8.11984204112	7.09552867627	12.7843795853
ko00290	17.7492384525	17.4566706973	17.3980461206	16.9901431367	17.4069494085	17.2114314028	15.8164410034	17.3205682726	15.159495498	15.0648957996	14.3000543626	16.7164424488
ko00300	16.4478106803	16.8794603694	16.2982316634	15.9498196053	16.8433707307	16.201900376	14.1059843646	16.2976443971	13.9582789195	13.4091196569	13.0274123403	15.753319073
ko00310	19.8675218103	20.4277449795	21.433299254	18.9806164077	20.0117543625	20.2233670465	13.4518327038	18.674025153	12.2707058904	11.3450259923	10.1926202772	17.1654321424
ko00311	2.79441324575	2.77281456718	2.71691468817	2.6166906407	2.86884807248	2.74707802617	1.96132562021	2.59974713867	1.75152931473	1.67640026532	1.51764066322	2.42282602931
ko00312	1.89305178523	1.89802498992	1.82880836079	1.8277642842	1.97134993597	1.85436765863	1.43154183032	1.87124035134	1.31608701629	1.27309608651	1.17336232672	1.71177541676
ko00330	42.4877841557	42.3292789909	42.5621757734	41.3738062112	42.0271210413	41.63688828	37.9312343928	41.0891169816	36.7108564162	36.2281302544	34.7946996466	40.1858857638
ko00340	18.7963197049	18.8986651493	18.9883751751	18.0910227085	18.8576479807	18.4736803754	15.568144458	17.5824461006	14.9749982817	14.6724358678	13.8250747486	17.2232750544
ko00350	17.3716559256	17.1228631719	17.4843803249	16.3423727215	17.0676019189	16.8767378822	14.0111053946	16.0928267234	13.253419479	13.0346769093	12.3642701821	15.6757473439
ko00351	0.139254408687	0.147947933708	0.113332576016	0.10208220341	0.163089390493	0.140954268559	0.0797455170596	0.13534735161	0.0676506976424	0.0559026331621	0.0559119325904	0.120282143299
ko00360	27.1410158112	26.6439528653	29.2566549282	25.799160516	26.3284914279	27.12594363	18.1326875055	24.0522025552	15.9879716819	15.457232326	13.858222343	22.4730673361
ko00361	6.4728018733	7.13611684093	7.0496232345	6.17570212465	6.92884310315	6.46417849544	4.70802223589	6.03373702422	4.87579902399	4.46741326916	4.15139983691	5.85742570757
ko00362	26.4382576621	27.0632572255	29.6213033436	25.4658664843	26.3970680989	26.8042058935	16.9581383092	24.0470787863	15.3557117328	14.4426859179	12.642280511	22.3919599767
ko00363	3.9499347245	4.16577755649	3.99884509069	3.60039616101	4.08145868772	3.69177183829	2.72619241822	3.49870242215	2.55988384081	2.32727104447	2.18400380538	3.3765799848
ko00364	2.76187910562	3.31853853996	3.01223067894	2.91409437121	3.29836967948	2.98066105104	2.43494246527	3.17023223316	2.69413705409	2.36511021642	2.29766240826	3.01115491364
ko00380	24.3285948153	24.6921070726	26.1082206823	22.8088287311	24.2746507139	24.3341105832	16.1628289267	22.241648922	14.5585091759	13.5995804217	12.0627480294	20.5405801969
ko00400	22.9533746399	22.7692581265	23.0500776251	22.020633386	22.7738766461	22.6239179224	20.2728037043	22.1608663828	19.5869647398	19.5843398584	18.5272764338	21.4958367953
ko00401	4.35004248088	4.30649406074	4.39202544587	4.07218147947	4.27371418742	4.14856160191	3.49596566739	3.90063548044	3.34995532339	3.29304147963	3.12883935852	3.81777361359
ko00410	20.1076942205	20.59148351	21.6726873414	19.8262315184	20.0406146672	20.2846920633	14.6326561343	19.2202887943	13.4485703485	12.8189334691	11.6254960587	17.9292873937
ko00430	4.89044076507	5.07176897361	4.87320610398	4.87528002452	4.98052407255	4.79992130345	4.17725966546	4.97023888741	4.01451989827	3.77493945424	3.58651807556	4.7543267276
ko00440	4.70750357461	4.48585722076	4.97180885304	3.99691088735	4.49072074311	4.53363548923	2.34143127831	3.66259648656	2.00774967352	1.91643913801	1.68468333786	3.28803012357
ko00450	11.8666514703	11.8359532447	11.8873300769	11.4520244299	11.8924714742	11.7181643301	10.187373731	11.4347052169	9.76519004743	9.60861986518	9.11693394944	10.9864938922
ko00460	7.55482106223	7.35685326126	7.62069748949	6.96795340392	7.40123468588	7.26835524206	6.32258347869	7.07174940112	6.01386693244	5.88470853194	5.5999728187	6.7122350487
ko00471	3.75006734774	3.58240273135	3.77893899807	3.7457731035	3.62544676134	3.74248739398	3.70893827408	3.63651184456	3.52993332875	3.62075986857	3.57227507475	3.60404476108
ko00472	0.52980914686	0.447898143538	0.532034533682	0.36390218596	0.44714359435	0.470168177446	0.222220827948	0.327621772691	0.161282562375	0.154210437009	0.133487360696	0.287393710114
ko00473	2.68705058334	2.60566185362	2.6813396948	2.47822293489	2.62395596414	2.59440671544	2.10353741326	2.45999134948	2.01073956973	1.98758233452	1.87667844523	2.33759966058
ko00480	21.7837619413	21.5633639187	22.8635881707	20.7089867239	21.258672426	21.5491416246	17.4611687644	20.9509582113	16.499501684	16.279081247	15.3392362055	19.4099916913
ko00520	32.9731230702	32.3781681959	31.3506759059	31.255122975	33.0176984385	32.1367133988	30.8039552773	33.2442274421	29.8758162073	29.291005291	28.4930279967	31.7622288614
ko00521	9.65236131546	9.50451667971	9.12151160589	9.05579267574	9.63307276237	9.30499285902	9.66742794042	9.50194636678	9.41312117671	9.36457031792	9.22326719217	9.34032209592
ko00531	1.59450442423	1.57555065557	1.30991328714	1.11177399958	1.80281340188	1.51554985572	0.938625440765	1.67108064945	0.733675854011	0.542058093079	0.458847512911	1.27411741828
ko00540	12.5962865491	11.2194561017	11.9960430156	10.7404673757	11.4567190994	11.7576583404	8.70524902436	10.5014472984	7.49738813664	7.74357906428	6.95474313672	9.72604168508
ko00550	19.986986344	19.480024658	19.8868188875	19.5048458981	19.5419238929	19.6619108689	18.9129638228	19.5341196433	18.19209224	18.4655776143	18.1828078282	19.09190871
ko00561	10.4662950453	10.6586291107	10.5524821084	10.2539203433	10.7034269223	10.2646098691	9.55013740573	10.0505389939	9.36887414943	9.28808983911	8.98844794781	10.0260752736
ko00562	7.73164514993	7.81316831448	7.7014086107	7.04077157073	7.76036390742	7.33157480544	5.50210186847	7.05514705882	5.25809333975	4.76026964074	4.45827670563	6.54324959782
ko00564	18.0399941977	17.4361381796	18.0385285319	16.8973282713	17.6574415627	17.2623655601	14.243490482	16.6437982433	13.3422915664	13.3124161229	12.7235661865	15.8072197571
ko00591	2.66757154402	2.72556132489	2.61696770041	2.3450373759	2.72303663921	2.44759392579	1.43668670239	2.24893532073	1.28553508832	1.17845959245	1.01140255504	2.07944561317
ko00592	1.54064695277	1.52547597032	1.53385209588	1.49987030443	1.47078610883	1.45319012504	1.26619066143	1.43964599414	1.16377414255	1.17850586947	1.09022832291	1.42685664787
ko00620	39.4041278985	38.975104915	40.3901889507	38.4192468225	38.5115154527	38.9489346819	34.0121092721	37.428416955	32.3640284556	32.2284233421	30.7583310682	36.426061131
ko00621	4.83577512071	5.28197832942	5.63296603431	5.14450444502	5.16727509031	5.12079920721	3.59689299921	4.76194437051	3.67831122414	3.46511484412	3.17162272357	4.62962504641
ko00622	5.4557680751	6.33793299666	6.48032867583	6.01320536704	6.10202404388	5.89891865108	4.08851689651	5.5333377695	4.48140765688	3.98429666651	3.64283772764	5.46562483427
ko00623	9.81310483453	10.0376271428	10.4664129653	9.13983540453	9.87695189312	9.67818939637	7.14484697143	8.91033404312	6.96339954636	6.60605920373	6.2390459364	8.48538900773
ko00624	5.53822243405	5.26061597553	5.92561248059	5.10236517556	5.1562852392	5.22065638754	4.40417362061	4.49292986425	4.05517561344	4.16739938606	3.94476759989	4.63583007761
ko00625	12.3882752761	13.1570050027	13.0512893332	11.9600301837	12.9274669827	12.3440350928	9.60418365938	11.7045182326	9.53910921713	8.99861168957	8.47681435173	11.3990135591
ko00626	5.91201276499	6.1593522536	6.15479571358	5.89553611432	6.06807973854	5.8748141887	5.16163682223	5.79599747139	5.11782596742	5.00615484289	4.81773579777	5.71310127813
ko00627	20.9676730837	20.6090997463	22.6609489189	19.6535949254	20.1103189924	20.3971261185	14.0581746998	18.1473915358	12.5403464156	12.1804032271	10.8614569176	17.2115190836
ko00630	39.3484675798	37.7913317685	41.2118785263	37.2612068762	37.3419468282	38.5264945058	29.4932301013	35.1506022092	26.6986390817	26.8919277462	25.0106550693	33.5189421394
ko00633	3.12481090826	2.84636176115	3.41875875648	2.9707359634	2.76353662965	3.01766300388	2.02041635818	2.36450292787	1.76900474259	1.88225585019	1.62828214189	2.39954390369
ko00640	37.2570611518	37.8913863006	40.0575561362	35.8711533473	37.2115402993	37.858695969	26.5124418065	34.9409768432	24.383686164	23.1686951425	21.0762299538	32.4747644386
ko00642	4.15005076984	4.52898499182	4.52769889053	4.15219185512	4.41612354504	4.27881896878	2.75703655369	4.00429198829	2.87244827823	2.57597914449	2.31625441696	3.84582884014
ko00643	4.76558841204	4.72594067857	5.19283198909	4.46140967293	4.68192503966	4.65711620858	2.89268549774	3.95877694969	2.74154581071	2.55250127262	2.25267735798	3.78395530963
ko00650	41.2325051288	40.876306992	43.7454844939	39.0557926757	40.2252632786	41.1107726836	28.5181137142	37.8392833378	25.67896419	24.7103675937	22.3677357978	35.1026923825
ko00660	10.1404977516	9.93866325248	10.2166874929	9.56839672696	9.86607671872	9.89104899589	8.32525630247	9.56052036199	7.90669461819	7.77796288583	7.32839086708	9.1490091396
ko00670	15.8373707441	16.0170234962	15.9369911773	15.4773740184	15.9959672025	15.7953306713	14.1734574795	15.5639140271	13.851089422	13.6401036605	13.2052595814	15.145667969
ko00680	29.7043123277	27.696279963	29.8120905752	28.5341335157	27.1437472525	28.4620653473	27.3630899349	26.9631188448	25.8500068733	26.7811714255	25.6369257951	27.1131755264
ko00720	37.3281803676	36.9499490243	38.4008292628	35.5011200981	36.6404502972	36.9609286193	29.3701296257	34.6231534469	27.6648910578	27.0066330387	25.4290703996	33.1308536779
ko00740	11.6752595478	11.7501718946	11.8410958385	11.5847619497	11.7565222377	11.6918884258	11.0920555646	11.6989619377	10.8674135679	10.7833464452	10.431611851	11.3565329609
ko00750	5.65845369584	5.72041634066	5.61848233557	5.42334991865	5.68672234858	5.57894430033	5.02692901331	5.70684721853	4.84205100007	4.76924738149	4.52483011688	5.42956140506
ko00760	13.6749279897	13.5915546388	13.5392669166	13.1432782324	13.5335333805	13.4453641902	12.0456889737	13.5688880756	11.4871125163	11.4243756459	10.9066865996	12.9135891951
ko00770	17.9524628551	17.6885980511	17.7167632247	17.4712665362	17.6587030064	17.5532950538	16.8417638127	17.4487955816	16.1732077806	16.2099588135	15.6592552324	17.1327629183
ko00780	14.6893300454	14.6749176091	14.3472490439	14.1066333388	14.5961850882	14.3158354951	12.959631577	14.467244477	12.1818166197	11.9619140173	11.5243136722	13.8911379426
ko00790	17.9421845535	17.6586765299	17.9912151161	17.2992666305	17.5911966514	17.7693753826	15.7863874214	17.4933956614	15.2029692762	15.1667515079	14.4117695026	16.6951579543
ko00900	16.5125888472	16.3138440382	16.8117119164	16.1608696677	16.1468052981	16.3365297735	15.4810329899	15.8649853607	14.8663997526	14.907800762	14.3278200598	15.6774444464
ko00903	14.4166856622	14.8714939422	15.5343254194	13.7083500366	14.4919821869	14.4773528812	9.61482476064	13.1947364919	8.80809677641	8.12193993244	7.29645284045	12.2985663019
ko00910	46.3476179622	45.3119709794	47.541008747	43.817978164	45.5420385696	45.6699845522	34.1515729505	41.3959276018	31.7444669737	31.0851497061	29.3793693939	39.5846164725
ko00920	14.8442712974	14.5578158712	14.4252527547	14.2517508902	14.5022075266	14.346716605	13.1487244482	15.0545149055	12.3648532545	12.2939515942	11.6335009513	14.0842540704
ko00930	10.8345939449	11.442350096	11.9829035556	10.3413115759	11.1152883164	11.1803462648	6.96743672435	10.4792387543	6.38530139528	5.69936909004	4.9668116336	9.37484752594
ko00944	0.158919949437	0.15318775636	0.123101972812	0.106020232509	0.196708778502	0.142309598065	0.0649006788721	0.130955549641	0.0708639769056	0.0507350332423	0.0446316933949	0.109604539749
ko00960	4.06993804008	4.08608957489	4.01081070847	3.8069422501	4.07834330384	3.86636159608	3.40019575611	3.80022291722	3.27508763489	3.22279297206	3.09970100571	3.739211908
ko00980	10.924860642	11.2436161889	11.4396985876	10.6801943075	11.0059631888	10.9674866653	9.44046379139	11.1374600745	9.19314042202	8.9217301433	8.61557488448	10.387681864
ko00982	11.3833640715	11.7008559167	11.9392252641	10.8402150588	11.5257927027	11.3880031479	9.27936655331	11.3926670216	8.95771187023	8.60932944606	8.24055449851	10.5086180989
ko00983	6.30693992581	6.87628328236	6.09570600932	6.07428018959	6.93912578124	6.34923780932	4.8733232109	6.4844956082	4.89277613582	4.35670322551	4.0518075564	6.1079427935
ko01040	10.3995482521	10.3319581763	10.2910182135	9.45101044639	10.3132394259	9.98995890291	8.12204640424	9.70714665957	7.52226957179	7.35488299628	6.81857841805	9.20197288172
ko02010	84.9361128955	77.146311971	83.2052141315	79.9844365317	75.8616234399	77.6112827538	74.78377734	74.413394996	66.9753934978	71.8590710661	69.5783229138	74.7292414305
ko02020	95.3064425886	89.238210399	96.7641523723	88.414695687	88.6734580761	91.0519251508	71.0054585838	87.4068571999	63.6842394666	64.6703996791	60.1165398206	79.8476673679
ko02030	28.2429284871	26.396282334	28.4291340073	24.3680760252	26.3280327211	26.5423795506	15.3947120754	25.8985560287	12.6794453227	11.8527002638	10.0350095135	21.1986493892
ko02040	29.7838448308	28.0324110297	30.1277973418	26.6777654632	27.7717742398	28.267247661	15.3147532344	27.0930429864	12.5573407107	11.5648263841	9.49014677902	22.3474287129
ko02060	2.76036637172	2.72394907177	2.91807717066	2.3962553352	2.62340169339	2.53854673701	1.4743572047	2.44227442108	1.33447315967	1.15223595107	0.934574612666	2.11149610197
ko03030	16.2348882027	16.045949214	16.3223332955	15.7869691325	16.0648114524	16.1987087936	14.8337829868	15.7918884748	14.4341363668	14.376772024	14.2489671106	15.4497675323
ko03060	16.1346125951	16.1116248192	16.30368435	15.9673402976	16.0401559603	16.1102334664	15.6461331894	16.1038894064	15.5016152313	15.4594998997	15.403723838	15.8463238284
ko03070	36.7154195246	35.027716528	38.5326971866	34.7350201618	34.9958716385	35.7545979189	25.3393356841	32.7902082779	23.4458725686	23.0975519459	21.7746398478	29.8988986512
ko03410	14.8198603311	14.5960120445	14.6220795941	13.8473601056	14.668947459	14.2435075345	12.3087550664	13.7506321533	11.6390301739	11.4404954726	10.9649497146	13.2551664398
ko03420	9.90248046915	9.64198496811	9.8090802378	9.44223830971	9.73977943847	9.6359701536	8.87337340478	9.28964266702	8.43905079387	8.45934564302	8.2722886654	9.12516131313
ko03430	19.7963197049	19.4957915452	19.7848460752	19.2893861862	19.6081688041	19.6196770527	19.0925073095	19.2250964866	18.5184548766	18.6824471285	18.5994835553	19.0307246274
ko03440	22.0446981785	21.6409180359	22.1191828543	21.5807295965	21.6596777585	21.9085371185	21.1908998507	21.4680928933	20.5157914633	20.7466641986	20.6416281598	21.1474004278
ko03450	2.56087199784	2.50091281978	2.49409292287	2.10111538189	2.60606639781	2.3436124632	1.32459123364	2.10417221187	1.1151281875	0.99416909621	0.863509105735	1.87471493981
ko04070	3.64653832605	3.62443986059	3.61594532167	3.50517603226	3.6588750215	3.54694103588	3.51626908936	3.51387410168	3.45221321053	3.49430021442	3.49112530579	3.48873017837
ko04112	18.2793791574	19.2518197122	19.2348631148	18.1633928361	19.1009919535	18.7538255268	16.7602113162	18.5747105403	16.9210083167	16.0971200271	16.0524191356	17.64240635
ko04146	10.2953353918	9.95514142779	10.622723314	10.0255853986	9.77391487166	10.0536885365	8.24697895622	9.35982832047	7.4998453502	7.56521202585	7.08543082359	9.13278059646
ko04614	0.531280435999	0.514047940821	0.559884887728	0.481170561464	0.521817243554	0.523915007724	0.246138208832	0.48705749268	0.227575778404	0.207074212905	0.162761620005	0.401400109605
ko04964	1.01264065317	0.801526898547	0.980801999318	1.03449902139	0.823531660328	0.921944679239	0.912148172316	0.757419483631	0.774915801773	0.862032794977	0.805055721663	0.831456502908
ko05134	6.96607746026	7.57896483866	7.435192548	6.97651331148	7.501729707	7.21893672214	6.09239437327	7.25976510514	6.32301189085	5.85586252642	5.78193802664	6.85906977566
ko05150	0.333961912261	0.417360172606	0.353477980991	0.334378758224	0.446704000306	0.36064880935	0.20200524526	0.418718392334	0.22336586707	0.172674965678	0.159445501495	0.348683861615
ko05204	9.15092110989	9.52303388103	9.75557575069	9.05937698965	9.24292349152	9.31273135329	7.80000250969	9.60398922012	7.63820537494	7.30670862449	7.02383799946	8.77274736154
