Row.names	B8011	B8012	B8013	LF11	LF12	LF13	PC1	PC2	PC3	PC4	PC5	PC6	classification
1	(2R,3S)-2-hydroxy-3-isopropylbutanedioic acid	0	0	0	0.0332779894554403	0.0340003667667648	0.0338679996335722	0.074471425702008	0.00632939815740302	-0.00371470092780128	-0.00238137511743814	-0.00258232012491034	0.0258989636836791	others
2	1-Hexadecanol	0.00284260882915532	0.00109603262611346	0.00180984260834525	0.0119255064391061	0.00816963915813593	0.00932499450786766	0.0719367272116108	0.0317823676352372	0.0558477261252801	-0.0444019131399169	-0.0025152296351105	0.0153838190164588	alcohols
3	1-Monopalmitin	1.13723668032866	0.837453612529953	0.887046869604392	0.708598307378653	0.900353748360863	0.692528191377726	0.0706769100343979	-0.0168324493468076	-0.00901087024420106	0.103663321301461	-0.0268060486273944	0.0301503116601142	esters
4	1,2,4-Benzenetriol	0	0	0	0.0111751560827902	0.0100513983458242	0.0118596930120438	0.0739408631985087	0.0162274302071481	-0.00640670774067251	-0.0336174394506719	0.00617383737720873	0.0135388748233715	alcohols
5	2-amino-3-(4-hydroxyphenyl)propanoic acid 1	0.0525774615975477	0.0440094831271741	0.043846595081297	0	0	0	-0.0741361450074797	-0.0139230728076212	0.00277342252464128	0.0243855846679014	0.0218571704824831	-0.0193091629497166	others
6	2-Deoxy-D-galactose 2	0	0	0	0.0149103740703546	0.0124410569758863	0.0145574710069196	0.073777755400689	0.0187900681705643	0.00970546307753762	-0.0371062035029808	0.00616520791099118	0.00135753090835101	sugars
7	2-deoxy-D-glucose 2	0.000319085619788768	0.0162682148257105	0.0182099008251989	0.00810166927581767	0.00714516690111655	0.00598686863984968	0.0408025226204749	-0.167735619259022	0.0967445815766667	-0.0912180127561913	-0.0566075581742442	0.0304820244847534	sugars
8	2-Deoxyerythritol	4.28574484074116	4.64164340292672	4.89704254570032	3.86330522165445	3.58563251921383	3.38215017804946	0.0731271315820577	-0.0258803139237813	0.0479206805205865	-0.00669325182928899	-0.0104486819644925	0.0584868017894113	alcohols
9	2-Deoxytetronic acid	0.0148238942978557	0.0188422877855247	0.0227459713940054	0.00832533946425638	0.00877318403936137	0.00991863376193054	0.0525753454283991	-0.13404571294251	-0.0579168476637298	-0.105009850776737	-0.126497349090115	-0.0382226364384282	short chain carbon organic acids
10	2-Deoxyuridine	0	0	0	0.0089368984502434	0.00910587690755321	0.00753654135270031	0.0741274152276876	0.00103496977519983	0.024060712093251	0.0213886912750649	-0.010764904766778	-0.0167220031313738	others
11	2-hydroxypyridine	0.0342545191256253	0.0339449446227526	0.0357953369555594	0.00966953616051846	0.0115558666211519	0.0113718359204839	-0.0374745694338412	-0.182757686941047	-0.0934604149458497	0.0613563810678554	-0.0273681346705829	-0.0415007651919058	others
12	2-Indanone	0.347957607002518	0.302451345341928	0.278251833304049	0.099554254648192	0.160195595986168	0.0969916292097391	0.0212070234981478	-0.0974330554912867	-0.0262058110526092	0.291696918573886	0.0384516461613633	0.0685163673278199	others
13	2-ketoadipate 3	0	0	0	0.0152347874175733	0.0156815586562901	0.0148147530781986	0.0744788055402668	0.00443697036766284	0.00296338589236683	0.00525628481822193	-0.00508127454004041	-0.0262214118177813	esters
14	2-Ketovaleric acid 2	0.0337273206031019	0.0278732384482732	0.0285078427787592	0	0	0	-0.074179170419466	-0.0136329864334343	0.00259139230042686	0.0238743812549299	0.0120912006692313	0.0115282734963628	others
15	2-methylfumarate	0	0	0	0.0914539558272897	0.110321869395106	0.0897089434122685	0.0740219280679823	-0.00649089709830506	-0.00406478939329395	0.0367500612912184	-0.0132750964299892	0.0180191356815168	esters
16	2-Methylglutaric Acid	0.0183090817135723	0.0172161753178687	0.0202523679550779	0.0202937447597413	0.0156036737425582	0.0118398253632347	0.0661408718279617	-0.00628127159884033	0.1414925084051	0.0116348357074943	-0.0447902374872474	0.00156314646953525	short chain carbon organic acids
17	2-Monopalmitin	0.3225877276358	0.217057538980787	0.193552093342017	0.281452511196039	0.264998974641123	0.265934655606196	0.0738865196972204	0.025137068867988	0.0141981566834581	0.0116258890167562	0.0258098963153257	-0.00640632435361812	esters
18	2,2-Dimethylsuccinic Acid	0	0	0	0.00577379133719133	0.00505047443144886	0.00524666198991698	0.0741177556239403	0.0136904868545873	0.0195571122648737	-0.0186780829277525	0.000498983832672241	0.0121002023730285	short chain carbon organic acids
19	2,3-Dihydroxypyridine	0.0480701779880925	0.0364246665952109	0.0441477705659959	0.109702914550519	0.101239780377329	0.113630227775502	0.0741427425053244	0.014159550302791	-0.00351866336483832	-0.0260786895080309	-0.00406969286536602	0.00598447323915489	others
20	2,3-Dimethylsuccinic acid	0.157757855372077	0.274384685242637	0.273354763303078	0.0839379326663272	0.0959687030709503	0.104136208107402	0.0197862756861228	-0.20845130253496	-0.0546091173390755	-0.0990499917010439	0.0395438565010085	0.0717630770511211	short chain carbon organic acids
21	2,4-diaminobutyric acid 3	0	0	0	0.00967892196792336	0.0141998944185283	0.0169364808930617	0.0712996932702784	0.000199638540234584	-0.0902981279559987	-0.00806078823011215	0.00435320292742283	0.00917145947955967	others
22	2,4,6-Trihydroxybenzophenone	0	0	0	0.00335098142292038	0.00297711842631116	0.00359710237506519	0.0738140898142682	0.0173607517985217	-0.00793510050593796	-0.0375442118216033	0.00734927071226189	0.00840914430224419	others
23	3-(4-hydroxyphenyl)propionic acid	0.194060017140727	0.224447521574635	0.229866852531286	0.0507189085269005	0.0523662075453665	0.0457581743162321	-0.0604214033340835	-0.131410714303736	0.043735994090587	0.006706806295263	0.00604837968486619	-0.0936536025376354	others
24	3-Aminoisobutyric acid 1	0.0141317005638818	0.0835455511298036	0.0997176631554164	0.0115596618589584	0.0136534383628382	0.0144194748771719	-0.0344371787923261	-0.189205566014089	0.00763108869981202	-0.107742565667064	-0.0873943924114642	0.0480151979343676	others
25	3-Hexenedioic acid	0.234983064939791	0.279625726260287	0.291583215690917	0.389499053470067	0.417968199971824	0.382609826428771	0.0742401820663154	-0.0170531493522139	0.0031536136051974	0.0129089379436141	-0.00892410513865934	0.0369712210524989	short chain carbon organic acids
26	3-hydroxy-L-proline 3	0.0158755027801996	0.0153907953090066	0.0167408546926218	0.0362432433445799	0.0378617589007543	0.0317746371753969	0.0740449608037148	-0.0067915265380535	0.0218996304900304	0.0265288610237012	-0.0150815779985144	0.0272194953291111	amino acids and amides
27	3-hydroxybutyric acid	0.103115084326414	0.0917145600065739	0.110020003162444	0.0920908913645751	0.0892429811249412	0.0817151813272829	0.0736996650418019	-0.0122568513310298	0.0350944139400931	0.0120520925267778	-0.0455361655525878	-0.0624305217041685	short chain carbon organic acids
28	3-Hydroxynorvaline 2	0	0	0	0.0859770067914534	0.086648510877736	0.109509760230421	0.0733413059620376	0.0141905048489116	-0.0390858216465926	-0.0364648965980779	0.00895683740046697	-0.00456284635130164	amino acids and amides
29	3-Hydroxypalmitic acid	0.0189875466339002	0.0203468467871775	0.0202989682934205	0.0261743285227896	0.0317847456537698	0.0285120123536526	0.073713496518678	-0.0196310458543807	-0.0225955132711771	0.0317938498246932	-0.00540704765627074	0.0188201473480059	others
30	3-Hydroxypropionic acid 1	2.84999342633333	4.02662288329687	4.25396241847265	0.856556056688046	0.799152674245538	0.880447046009307	-0.0542874507102298	-0.147942717107469	0.0239440642771288	-0.0796142401470319	-0.0112678582790091	-0.0280277157773855	others
31	3-Methyloxindole 2	0.131448047227365	0.327797088654375	0.363435045405266	0.351138070289779	0.354402967204891	0.235843479309188	0.0685157664498385	-0.061685022891589	0.082199737940283	0.0342487427527991	-0.0410643283896093	0.0133004989608526	others
32	3-phosphoglycerate	0.0267635574485856	0.020394340258146	0.0244577282356315	0	0	0	-0.074076865801067	-0.0118083411463022	0.00147560607159804	0.0206596437956994	-0.0471497833630578	-0.000429521484849279	others
33	3-ureidopropionate 2	0.0542137918983402	0.039097206168182	0.0519017664892205	0.0202998436626931	0.023478463177138	0.0234408819669326	0.063618081929774	-0.0226654972889725	-0.0917590553119337	0.0696514137983855	-0.23827993640888	-0.0249860519572555	esters
34	3,6-Anhydro-D-galactose 4	0.0223391429906395	0.0320242479965016	0.0358021622633603	0.0288058879974143	0.0354454585061936	0.0283154560737496	0.0716275351232934	-0.0545455745640523	-0.000587878237322481	0.0444488944070764	-0.0374460959136856	0.00860000961318652	sugars
35	4',7-dihyroxyflavanone 2	0.023407711290778	0.0420495359797178	0.0378805828856926	0.0160418503362812	0.0199903101098266	0.0316558116219295	0.0514771082570671	-0.0641456459321601	-0.166369479571998	-0.129277040639586	0.0883189316425158	0.0165450889539317	others
36	4-aminobutyric acid 1	0.0249891479995502	0.393377726849651	0.426156911415036	0.120848678413549	0.140616414974973	0.143346639102052	0.0233773887346978	-0.205524650109399	-0.006983781368121	-0.112800895060376	-0.0381092050269527	0.0600013387071551	others
37	4-Hydroxybenzoic acid	0.0406788155258964	0.0302201809738612	0.0380025560970717	0.0225138670000257	0.0239289932515271	0.0281924602005848	0.0717894588143357	0.0087081200784485	-0.0742386783011942	-0.0267691891601604	-0.0565583292533671	0.0837658907167879	others
38	4-hydroxybutyrate	0.266989374969005	0.310037523114466	0.391451816009104	3.52988323658272	3.49605303718906	3.36644599504018	0.0744649140650113	0.00444242994467327	0.00792945375875778	-0.000784015018787016	-0.00683693384991825	0.0163202263819131	esters
39	4-Hydroxycyclohexanecarboxylic acid	0.00736424224573972	0.00604988484998035	0.00626307731820417	0	0	0	-0.0741933462671259	-0.0134977020662398	0.00250696177788657	0.0236359886005346	0.00757129149595409	-0.0235897803662326	others
40	4-Methylbenzyl alcohol	0	0	0	0.0746612905344919	0.0589471672431368	0.0571225135699888	0.073258365890291	0.0159598294217994	0.0502080411014595	-0.0174530806514881	-0.00164863531388562	-0.0312484076864695	alcohols
41	4-Pyridoxic acid	0.019915295143309	0.0173303876559896	0.0159047839357354	0	0	0	-0.0738936040487473	-0.0148062013454437	0.00333631894684582	0.0259420939926376	0.0522425452398798	-0.0261622364687248	others
42	5-Hydroxyindole-3-acetic acid 1	0.0317173117406222	0.0412324523880323	0.0405219283009806	0.0118968446659266	0.00029223809997455	0.0127026574989426	-0.0444868562257628	-0.00544109306989216	0.0421884065046458	-0.264874950818918	0.0961001301138903	-0.0334372601237614	others
43	5-Methoxypsoralen	0.125903602096009	0.2771156039573	0.291874294794312	0.0586986510621289	0.102034198448405	0.0866870877015822	0.0014773277901386	-0.223821185916745	-0.0771726802896306	0.000305167327950685	-0.0393482665152587	0.0516092484878876	esters
44	5beta-androstane-3,17-dione	0.0372058215075917	0.128525417997202	0.140828621409358	0.0837504794201085	0.119980408676268	0.136389030547109	0.066508134355672	-0.0696335373869686	-0.0989099868345863	-0.0373726888294994	-0.0121275279182048	0.00480549661409686	others
45	6-deoxy-D-glucose 1	0.0731840833158545	0.0322906911648812	0.00564512985222177	0.0487045349797612	0.0367944613308933	0.0327281259516634	0.0641553264927018	0.0814728457756194	0.084692991185003	0.0517470676529248	0.127401913156239	-0.0301014583619079	sugars
46	6-phosphogluconic acid	0.0385539970468809	0.0352625638181567	0.0289659640982968	0.0100233301598148	0.0307809120217058	0.0227004581038345	0.0462603897722505	-0.067955575326655	-0.162738040308791	0.171883496688945	0.0341707459056908	0.0453901489491476	sugar acids
47	acetanilide 2	0	0	0	0.119735116912628	0.122416764339409	0.106120623451484	0.0743066836407619	0.00219567171951203	0.0168776080330101	0.0159030885551828	-0.00883448342866205	-0.0204560532094018	others
48	Adipamide 5	0	0	0	0.0423426666317799	0.0655346247416494	0.0407594923086904	0.071457529801353	-0.0239857476389794	-0.0105145819406759	0.0880406582211596	-0.0268367407862728	-0.0152248489156784	others
49	adipic acid	0.149205619770782	0.0903184876248732	0.0861197902159413	0.0710210636229145	0.0329489139843783	0.0306333524733042	0.0165126304403693	0.111357527567112	0.263383522370224	-0.00804775148223164	0.0559336133810932	-0.0138005315101304	short chain carbon organic acids
50	alanine 1	0.173910839834452	0.119298989997473	0.173012022692863	0	0	0	-0.0731746913522486	-0.00956168420501401	0.000162500624876898	0.0167029191832404	-0.115540286645551	0.00216000907354661	amino acids and amides
51	Allantoic acid 1	0	0	0	0.0423887135804196	0.0400506104813107	0.0399861078621784	0.0743781552252924	0.00949687827431712	0.0107796943501262	-0.00815219992928645	-0.00187044037966841	0.01611251653819	others
52	alpha-D-glucosamine 1-phosphate	0	0	0	0.00633841623843781	0.0080673341572969	0.00712063958374111	0.0739573529037632	-0.00597140757953544	-0.0248803550467232	0.0294383490651911	-0.0100089143463846	-0.0017726601999866	others
53	Aminooxyacetic acid	0.0559686124821175	0.0489295755213114	0.0444576640052491	0.0300977857280305	0.0362969876742805	0.0422699498239722	0.0699606659673856	-0.00334081972112535	-0.103642369575761	-0.00355568766777671	0.0576948943128776	0.0199030396008592	others
54	Anandamide 2	0.0470995421983007	0.0435321673099516	0.0349031946980618	0.0253397593372411	0.0316113833140739	0.0171248722079628	0.0565382115544281	-0.0516939073979453	0.0777216198190883	0.188701876093994	0.0517887218180791	-0.0841613309960972	others
55	Arachidic acid	0.0481273599345342	0.0425959815487672	0.0386140067217753	0.0400521758642177	0.0408797138361923	0.042635539918019	0.0743243691637085	0.00259186106153585	-0.0147359991753706	0.000952163787953957	0.0328593250882304	0.0235410440006076	long chain carbon organic acids
56	ascorbate	0	0	0	0.0488255354644501	0.0457558721617629	0.0504475047519162	0.0742355925003393	0.0127121058821863	-0.00330109234078792	-0.0219092231142801	0.00276066742895913	-0.00341574972367634	esters
57	Atrazine-2-hydroxy 3	0.178553282741184	0.149408381940566	0.148954355354734	0	0	0	-0.0741374436659737	-0.0139157651820729	0.00276882015425764	0.0243727064138931	0.021609894277783	0.00032730769963746	sugar alcohols
58	azelaic acid	0.60596418585578	0.602071344318832	0.606077137797825	0.76672243833345	0.81289282679471	0.706398865942449	0.0740248870622501	-0.0133896065752564	0.0159967184003637	0.0282073422519321	-0.00616968507308892	-0.0445695084200081	long chain carbon organic acids
59	Behenic acid	0.0456169859011331	0.0517408680476448	0.0236025078805059	0.0352588621522528	0.0560598399833668	0.0483730063052251	0.0687949022049283	-0.02850803710425	-0.0733609325489469	0.0786902252426028	0.100819246596674	-0.0752530479722625	long chain carbon organic acids
60	Benzylamine	0	0	0	0.00668433159422169	0.00655234944739438	0.00603963975626031	0.0743777544848469	0.00570243841179727	0.0158477628300697	0.00487844891664403	-0.00575122096230882	-0.0128502422612047	others
61	Benzylsuccinic acid	0.3562756578214	0.386494336316611	0.413872963461462	0.277755363714103	0.306012055935233	0.278490403014394	0.0728888529994887	-0.0444259303351874	2.13844574755272e-05	0.0240593806850844	-0.0221908319944064	0.0159508309645209	others
62	beta-Alanine 2	0.0221316287623834	0.0756849993673324	0.0813082755501924	0	0	0	-0.0603215417280037	-0.127478316441263	0.0206107030610143	-0.06473521682014	-0.0194576126923369	-0.00360229381491374	amino acids and amides
63	beta-Glutamic acid 1	0.0918913308214588	0.105459060329461	0.105848768288251	0.0348750220436424	0.035717335397841	0.0336646309949521	-0.00898045947635375	-0.224758748994555	0.0597032953316827	-0.00131968734526721	0.0512418204471406	-0.252576365682561	amino acids and amides
64	beta-Mannosylglycerate 2	0.21551714588832	0.175819276860519	0.191249009547061	0.164161862264803	0.134608904361545	0.121983840680778	0.0703915612853927	0.00992387447991706	0.100890966472314	0.00615161786933324	-0.0189849103089038	-0.0507212819632609	esters
65	Biuret 3	0	0	0	0.00747740182331711	0.00869854333726888	0.00724151654680443	0.0741733982250749	-0.00431787227029367	-0.000950742378326452	0.0309723735653501	-0.0118852650570098	-0.0141577855310287	others
66	caffeic acid	0.00928805511212979	0.00653260096379658	0.00792560269138134	0.0081652654506902	0.00999000292018163	0.00750329519022431	0.0720036429966204	-0.0141530553029792	0.00597074049262059	0.0813746701134989	-0.0463838093207175	-0.0228315874913774	others
67	canavanine degr prod	0.142522682210496	0.175301557721479	0.180014381877675	0.099460131148406	0.102796477217012	0.0939319394656752	0.0693260813133556	-0.0814557884378881	0.0313260364481032	0.005423860134529	-0.00635932288105672	-0.06510189533321	others
68	Capric Acid	0	0	0	0.00638130499938447	0.00454000986208322	0.00508643612636034	0.072640380807655	0.0236277730048158	0.0484961517401017	-0.0415993053788015	0.00510744497428303	-0.00242819957911691	long chain carbon organic acids
69	carbamoyl-aspartic acid 1	0	0	0	0.0144222161786947	0.0122105116452924	0.0191756751646742	0.0714463860188703	0.0261657330222604	-0.042835631310973	-0.0746949677888111	0.019758925797811	0.000263034798440028	amino acids and amides
70	cellobiose 2	0.100799916903069	0.0559603799008726	0.087731234514357	0.0609991598635349	0.0821192808006605	0.0866213430745382	0.0702123787356696	0.00530080828741286	-0.0939319060772414	0.0283382927061991	-0.0773023952154671	0.065924717469734	sugars
71	Cetadiol 2	0.0238795481786241	0.0207114603925421	0.0191438262895958	0.0139058091646447	0.0211042629049091	0.0255550713599482	0.0661451196707103	-0.0080456158367391	-0.142395447964301	0.000463249196601904	0.0337177546483319	0.0362309729273397	alcohols
72	cis-sinapinic acid	0	0	0	0.00502687405877331	0.0172425855397385	0.0160108538158645	0.064527788387666	-0.0279574647316369	-0.139913068232931	0.0631000289242396	-0.0118564672590384	0.00915841714713793	others
73	Citraconic acid 2	0.030077088086395	0.0291105508305664	0.0282527194331038	0.0245358264231448	0.0195377580198728	0.0143135583627011	0.0628245043117096	-0.0135676829095186	0.163551895498013	0.035917842835621	0.00676382167500709	-0.0107723763439734	esters
74	Citramalic acid	0.06636826365321	0.0596971139590706	0.0594485419447888	0.0590547552328172	0.0573947629373661	0.0569802004367528	0.0744354494204481	-0.00126782458408358	0.0126921262963954	0.00192112083073504	0.00933331639413747	0.0132988383580704	short chain carbon organic acids
75	citric acid	0.108693447124035	0.0959959636402586	0.0853027977007738	0	0	0	-0.0737548397527504	-0.0151412497024597	0.00355353342717232	0.0265327071271713	0.0640445347930998	-0.0370858707789591	short chain carbon organic acids
76	conduritol b epoxide 2	0.0911809129637192	0.0686622316245098	0.0601887990171746	0.642822995617177	0.475544997448974	0.53775176911828	0.0729252417917619	0.0238785779859218	0.04114271510812	-0.0400993314668723	0.0088469752069142	-0.0304876332272116	others
77	creatine	0.125311186128917	0.103445620681284	0.106041309700298	0.282187814521047	0.305005324666951	0.264188742913888	0.0742323399007353	-0.00231963773381901	0.00815288595750132	0.0272472648063238	-0.00911106710018846	0.00920780593103946	others
78	Cumic Acid	0.0622547778752819	0.0576790269504922	0.0735109129849034	0.0326902325539782	0.0254710874269197	0.0352207776986008	0.0576220484970291	-0.0146574700757279	-0.00192998342869894	-0.202815379483408	-0.1373694576406	0.0986998894634104	others
79	cyclohexylamine	1.12727091389083	1.25836629678336	1.45343806037931	1.24570928608186	1.16375285427404	1.03308032288963	0.0726882647916181	-0.0268429705904901	0.0552782035891713	0.00180578850539334	-0.0380879408813233	0.0137195803126875	others
80	cyclohexylsulfamic acid 1	0.0223040798342809	0.0169770670300516	0.0180737412579941	0.00440234538696569	0.00488612031761661	0.0049697104443902	-0.0705257231147663	-0.00584770397799564	-0.0480543951453116	0.0961131187975342	-0.0111529656566067	-0.100089355983575	others
81	cytidine-monophosphate degr prod	0.13531552505837	0.118490400334282	0.107279714569549	0.0283004437814007	0.0303469407895631	0.0381016607668605	-0.0638240787822292	-0.0207305862921907	-0.117907809681973	0.00639312527927843	0.221555339193526	-0.0384746470800652	others
82	D-alanyl-D-alanine 2	0	0	0	0.0514345459500663	0.0500134840088923	0.0448113235223765	0.0742861789368185	0.00523134308592039	0.021549444103611	0.00786359042499283	-0.00691028604329551	-0.0169029864151201	amino acids and amides
83	D-Altrose 1	0.536482413828298	0.427289994254319	0.470579235820435	0.109897676468976	0.169631616264028	0.16269591950934	-0.0300704908308809	-0.0771396804554752	-0.209761869519957	0.173946059006187	-0.0790863039565761	0.038183703766413	others
84	D-erythronolactone 1	0.0252059587496985	0.0204791668153536	0.0216798574093917	0.00565044639870557	0.00605622497334097	0.00491797173955852	-0.0662405369989814	-0.044364172453261	0.0451318552794782	0.13211221473523	-0.0288434457721742	0.0597840975261162	esters
85	d-Glucoheptose 2	0.115231487736589	0.076517707448493	0.0737202718828828	0.262431054210592	0.149015878961925	0.197243957746031	0.0687942390701033	0.0444804681898979	0.0765825802408133	-0.0757941909098758	0.0207620628346494	-0.0227302781943035	sugars
86	D-Glyceric acid	0.525427726127382	0.534755330703433	0.57349344115968	0.157114778237175	0.147331668545908	0.149385252937166	-0.059329020720658	-0.132053576412863	0.0548314680954348	-0.0271650499619027	-0.0375823657144015	0.134566845358847	short chain carbon organic acids
87	Dehydroabietic Acid	0	0	0	0.0460816836566578	0.051710920164977	0.0563071018375377	0.073999921724372	0.00561859349538435	-0.0346408698527361	-0.00878650770749215	0.00106480857448839	-0.0122929937068794	others
88	Dehydroascorbic Acid 1	0.0739804674152237	0.0621555091202074	0.0555975007669258	0	0	0	-0.0738139265367963	-0.00855180568076346	0.00244586385386212	0.0309948679642653	0.0613428450387621	0.00422867261438526	others
89	Digalacturonic acid 2	0	0	0	0.0298863789658044	0.023066386173239	0.0217020122600694	0.0729035633309115	0.0161472616852834	0.0588845157806188	-0.0157374125277631	-0.00262691491152458	-0.0297897422891982	others
90	Diglycerol 1	0.108403470081443	0.0971367257808918	0.0955921304335251	0.0620905669385876	0.0592712019774352	0.0532058746188956	0.0718540835609571	-0.0187740247536731	0.0671868794442284	0.0429677142257455	0.0225654717216003	-0.0889379452843496	esters
91	Diglycerol 2	0.440970387067066	0.407875456883095	0.400352256369176	0.291517691969861	0.288520490534593	0.24500329229138	0.0719525856738274	-0.023108581170829	0.0589036026458804	0.0501261763652394	0.010138906109947	-0.0514037863144821	esters
92	Dihydroxyacetone	0	0	0	0.927794099331094	0.947861908588476	0.919412145551035	0.0744839198533071	0.00552883787041158	0.000371947677407445	0.00119747798376223	-0.00381153399568257	-0.0335548200991354	sugars
93	Dioctyl phthalate	0.311191905107792	0.148563230206305	0.139711990406287	0.30629357595495	0.29223379884463	0.315633956845398	0.0735625513549357	0.035880385646589	-0.00763391831364521	0.00241540019766642	0.0148394546863119	-0.00403876652276523	esters
94	DL-Anabasine 1	0	0	0	0.0102654127339357	0.00994614569562857	0.0111043303351306	0.0742083036263056	0.0118234754227396	-0.0116858434932198	-0.0214861450264144	0.00315236167709884	0.00176834757463891	others
95	DL-dihydrosphingosine 1	0.168619863761996	0.135666519021292	0.143511215423965	0	0	0	-0.0742192999215285	-0.0118520968883822	0.00213046540603287	0.0242119250084673	-0.000329253203329731	0.0203959711919459	alcohols
96	Elaidic acid	0.00715174628434992	0.00590051528360208	0.00605551592495086	0.0119644558782965	0.0127392786790218	0.0108490819329301	0.0740825473344179	-0.00314317107114722	0.0151640805296444	0.0316171514135051	-0.00979489526725061	-0.00537065240889276	long chain carbon organic acids
97	Erythrose 1	0.42294318781824	0.415686256366019	0.399393328939231	1.71107789220933	1.69733477788989	1.52447401257337	0.0743157761288735	0.00162922484956565	0.0196957366490341	0.0110728874797655	-0.00427533142590433	-0.0324872426694841	sugars
98	Erythrose 2	0.102028273522153	0.125702661272901	0.126516458375035	0.314174719769446	0.317463905777731	0.296949018144812	0.0744411719527082	-0.00443087982130633	0.0108628342164405	0.00422378694360821	-0.00386152286259799	0.00288533606516702	sugars
99	Ethanolamine	1.82232601516083	1.60678339385995	1.85044763980897	0.968126213116163	0.957735596186639	0.971996051905606	0.0734800383478965	-0.0294914936202015	0.00649292946023595	-0.00289690508337462	-0.0673239091081951	-0.0122873789049092	others
100	flavin adenine degrad product	0.19646812746399	0.197430703380258	0.170943627095314	0.011038721575227	0.0173695005213203	0.00911975316291334	-0.0717271501179973	-0.045207869112563	0.00904502426904674	0.046172344962744	0.0823617200951859	-0.0541519996451877	nucleotides
101	fructose-6-phosphate	0	0	0	0.00479809999841477	0.0045888172151753	0.00478945640197592	0.0743762636059508	0.0103135900876224	0.00152247393116548	-0.0131944406366039	7.20603932857472e-05	-0.016537346769203	others
102	fructose 1	12.5958045894441	10.7075707283163	9.91626973328203	7.26837957272148	7.45355177024087	5.88121671437991	0.0696586784422606	-0.0156741304925686	0.0664947481040412	0.092583001993571	0.0312921439046897	-0.0346937794679033	sugars
103	Fructose 2,6-biphosphate degr prod 1	0	0	0	0.00685322691227799	0.0141263368134687	0.0127192981043503	0.0697691367986374	-0.0200339684105319	-0.0945116368485406	0.0524963605004361	-0.0119336238491816	-0.0033143569361128	sugars
104	fucose 2	0	0	0	0.0111965468312802	0.00973100988191226	0.0111187421257676	0.0739826093109573	0.016598904534662	0.00556383975104349	-0.0314679542807886	0.0048591448885924	-0.0202235150780639	sugars
105	fumaric acid	0.0729220726425732	0.0833711528158214	0.0880543447668741	0.0114022614523418	0.0151239813196302	0.0121203215506956	-0.0665904037831664	-0.102665947894928	0.00190417104118754	0.0206071425497809	-0.0187704826720445	-0.0399452185581921	amino acids and amides
106	Galactinol 3	0	0	0	0.080029510924712	0.0381768819189174	0.0725173954164411	0.0676906953637984	0.0467918994440938	0.0385456897970434	-0.116599355233065	0.0265130113876549	0.000963246657329172	alcohols
107	Galactonic acid	0.00753906569654688	0.015029171115561	0.0188903214910442	0.0457693856693135	0.0395709469722285	0.0449608025265928	0.0738601461714843	0.00300686177319166	0.0108947110439672	-0.0428538842259857	-0.00705442652090962	-0.0312566499833609	sugar acids
108	galactose 1	0.0211582772748747	0.0170729127233671	0.0181133033516179	0.0263737456974003	0.0229882781540217	0.0351013727657938	0.0704134276706244	0.0279447331917392	-0.0556585534374345	-0.0830158309733874	0.023376857426181	0.0242634328377302	sugars
109	Gentiobiose 2	0	0	0	0.09856911167138	0.0934189316756463	0.112981600273038	0.073814781468787	0.015033416014565	-0.0205036558005691	-0.0338460815257259	0.00709395617570857	0.013081792434048	sugars
110	Glucoheptonic acid 2	0	0	0	0.0603212591657716	0.0678969746351222	0.0616778609107906	0.0743876129926534	-0.000323008884317492	-0.0076192604520438	0.0169401910348283	-0.00764299417957265	0.00866374131856935	sugar acids
111	gluconic acid 1	0.330673018149922	0.478417466029477	0.436635259641616	0.539983103913272	0.504371984449805	0.456307601888206	0.0733588964356587	-0.0225544507183895	0.0447134788061892	-0.00275134116898361	0.0147992002690266	-0.0327914999452759	sugar acids
112	Gluconic lactone 1	0.0434525721949255	0.0383334938417293	0.039927419752959	0.0351651677083334	0.0333439107199881	0.0327227743731184	0.0742609039564171	-0.00202137294153214	0.0251162741381672	0.00221596324689064	-0.0014348650281396	0.011816225396871	esters
113	Glucosaminic acid	0	0	0	0.0268977705562987	0.0241535243068398	0.0258272264753188	0.0742063456189935	0.01347173936484	0.00986662294823894	-0.0206399880117404	0.00161843368063674	-0.0117818560176404	others
114	Glucose-1-phosphate	0.317644500036679	0.452469867212293	0.249388183129461	0.254036542107126	0.416880039108611	0.33224550847781	0.0668515138152585	-0.0552326701062512	-0.0652938528226546	0.0906157409257185	0.10048636171151	0.00849983487837908	others
115	glucose-6-phosphate 1	0.0821789415407463	0.454672657551394	0.453865788827476	0.266078369798116	0.352952896423077	0.366209367483217	0.0658776815296666	-0.0944212454700257	-0.0630618652750312	-0.0358311468115526	0.00287015375110985	-0.0295334648804096	others
116	glucose 1	3.2331358276135	2.73123109704216	2.8754483057403	2.15841570316441	2.03817356338307	2.01220275019117	0.0741813706066187	-6.93604784647689e-06	0.0284930712922222	0.00643762958477404	-0.00396740419449303	0.00966403637870499	sugars
117	Glutaric Acid	0.0473117650801038	0.0388724525876161	0.0402321789206785	0.0217717934258279	0.0212984564982896	0.0212637193618617	0.0739639334001092	-0.00407938102749982	0.0189752852703151	0.0345710713657598	0.0102638406004309	-0.102086828794037	short chain carbon organic acids
118	glycerol	5.3887529930816	5.21035811272035	4.94808114634251	6.43247882911651	5.69398910973818	6.07620023682985	0.0740772055981694	0.0065595260644907	0.0211529322596573	-0.0246200256991612	0.0195833301001723	-0.0456065364152094	alcohols
119	glycine 2	1.70435395320721	2.10576299325436	2.26265067607408	0.897890663712018	0.888464601607868	0.884957784602527	0.0496011370727392	-0.164369025113357	0.0391665034342107	-0.061157078333077	-0.0449292755561163	0.127669408581829	amino acids and amides
120	glycocyamine 2	0.0485747680153123	0.0533443116058499	0.0543305464936872	0.025763134420107	0.0273444475331434	0.0245839762018095	0.065618855619862	-0.103939692646951	0.0324820666265384	0.0372379870163013	0.000574490542097495	0.0267735999767992	amino acids and amides
121	glycolic acid	2.68090872991231	3.13985056973867	3.03720648320695	1.4642924703853	1.65844301012138	1.64675622366203	0.0674078794081749	-0.0922308860244755	-0.0413073719764892	0.00502539567792111	0.0462256021728173	-0.105844651852055	others
122	Homovanillic acid	0.095760437939806	0.272633887392186	0.281643233155227	0.0454747290290204	0.0484909867785525	0.0444208192513374	-0.039448790724949	-0.186984805094964	0.0316388316371043	-0.0812422520838909	-0.00902213490817769	-0.0628219261097171	others
123	Hydantoin, 5-(4-hydroxybutyl)- 2	0.785348033595566	0.558129627575972	0.7606291324089	0.0815777977187445	0.151303987476959	0.157149319022878	-0.0648964091372827	-0.0316942247602757	-0.105595951800287	0.0602865464348374	-0.181086335170615	0.0274327727042083	others
124	hydroquinone	0.0129300190940426	0.0156602943561302	0.0153086228613146	0	0	0	-0.0719122197319675	-0.0590943576993395	0.0101699062529539	-0.00804323276917354	0.026522399798888	0.0164779288601424	others
125	hydroxylamine	0.302408275256112	0.347358251841444	0.360803331987579	0	0	0	-0.0722538497235138	-0.0558408838448535	0.00930687349912596	-0.00742697890755134	0.00225992127364078	0.0128618489957231	others
126	hydroxyurea	0	0	0	0.0131079457084898	0.0141838655983328	0.0120134660868844	0.0742878170279201	-0.000840072005747746	0.00968752173503414	0.0232434255920105	-0.0104129357960707	-0.00669974363468783	others
127	indole-3-acetamide 3	0	0	0	0.0133752988318715	0.0143322823222386	0.0126262482247125	0.0743898897936338	0.000722396620304303	0.00583566814313582	0.0174189171523721	-0.00858718398414947	0.00838132888971906	others
128	Isoleucine	0	0	0	0.0255106421935033	0.0231580778390472	0.024200472512051	0.0742587076280464	0.0123931596674644	0.0113911654548414	-0.0169002761671718	0.000498005862754158	0.0151562955831613	amino acids and amides
129	Isoxanthopterin	0	0	0	0.0174159770443875	0.0196977742753863	0.0175636146768455	0.0743614431149336	-0.00109033364974708	-0.00575688653105448	0.0197983866558598	-0.00853835670095511	-0.0260028119105227	others
130	Itaconic acid	0.0691372604662696	0.0338586345260121	0.047853361104651	0.0150895860787893	0.0128397835975987	0.0121036160409556	-0.0462309599163977	0.12942792166172	0.0596185853902389	0.124441119984239	-0.237863533287666	0.0127526453466514	short chain carbon organic acids
131	L-kynurenine 1	0	0	0	0.00217970349507213	0.00201720140940233	0.0173399149724838	0.039993476126129	0.0433034943664337	-0.197213014020029	-0.177194072997513	0.0586638117442912	0.0448128687673233	amino acids and amides
132	L-Malic acid	0.177639157358369	0.258930549708124	0.214486057646561	0.0165108723362876	0.01768107299737	0.0162392811517901	-0.0675395967318069	-0.0880719138799386	0.0161634724417742	-0.0128621029972078	0.111959482088246	0.00288654179391665	short chain carbon organic acids
133	L-Threose 2	0.0326678361378697	0.025844642237068	0.0278543727910533	0.0634290668666121	0.0903833553141304	0.074620594775218	0.072707948103354	-0.0156107360688048	-0.0383991023949555	0.0564112341089185	-0.0170831007042767	0.0117017669261246	sugars
134	Lactamide 2	0.0211829332106373	0.0224703916554286	0.0239950219765024	0	0	0	-0.0728565647989683	-0.0479854100214302	0.00788992691655415	-0.00240660942746482	-0.00804621829856013	-0.00458617227781547	others
135	lactic acid	11.0538195704062	10.9771623610684	11.2371574619072	31.0550400314447	30.8919176676061	32.5782521560286	0.0744147403001403	0.00491991811319862	-0.0077311699410163	-0.0127718276360034	0.00173442534940152	-0.00500823014694947	short chain carbon organic acids
136	Lactobionic Acid 1	0.156357056871273	0.117998154472971	0.116455292080262	0.103090017182632	0.100757828376428	0.100507454052957	0.0741685959830592	0.0156966051696485	0.00837433314056274	0.0187737830283142	0.0174576738437698	0.0372088280710187	sugar acids
137	lactose 2	0	0	0	0.203888867624391	0.218050689619452	0.239818763651459	0.0741174238304014	0.00769056589745936	-0.0276143518290272	-0.0131906108304299	0.00184307066714523	-0.0224207125246228	sugars
138	lauric acid	0.08463542239869	0.0619743758557864	0.0614413290795197	0.0742147830307674	0.079271195099769	0.0703941929751483	0.0739102664727399	0.00408385913792704	0.00758847651409864	0.0418466494887027	-0.000313740285982995	-0.0302304379934051	long chain carbon organic acids
139	Levoglucosan	0.00884408284519038	0.00780898307753115	0.00831712912252519	0.028579218624339	0.0265245309666594	0.00323516120257969	0.0557050160679686	-0.0229339762741728	0.168900963006843	0.124542971624517	-0.0473975374740112	-0.0390281131844998	sugars
140	Linoleic acid methyl ester	2.38873025885809	2.78064363114827	2.09052185002288	3.30920033278997	3.19085629075065	4.15133483829729	0.0725358060070617	0.00762322545468703	-0.0439481129950173	-0.0528920620947635	0.0556547407044125	-0.0236265339617319	esters
141	Lyxose 1	0.198810067189895	0.18811812267723	0.181621756589146	0.131050981235928	0.122091063151703	0.118602170928923	0.0735193938259624	-0.0137242362964132	0.044317992000425	0.00504856527692621	0.032326152563043	-0.0325640043231644	sugars
142	Maleamate 1	0	0	0	0.0205161517572314	0.018632004059891	0.0168676390312809	0.0740347762767443	0.00838119061096499	0.033088691659288	0.00129900759990982	-0.00579480192810736	-0.00511545383535707	others
143	malonic acid 1	0.18844876991547	0.14146151263707	0.128451889591789	0.114305336259687	0.0998129106123694	0.0928254655531622	0.0711723519286553	0.0287682369886111	0.0741780031507623	0.0336529072119368	0.0500884141992744	0.0048988010134982	short chain carbon organic acids
144	mannitol	0.211190142069876	0.163482699156619	0.166062203427227	0.118676851458774	0.187085198248807	0.122378244836796	0.0649427058569846	-0.0395460778047386	-0.0297980205856773	0.152505914125419	-0.0296544204558868	-0.0197484406342176	alcohols
145	mannose 2	0.499903220039773	0.418680424119321	0.450959504580737	0.463665388942556	0.444086541809472	0.435712042338568	0.0743584748605274	0.00283798676603418	0.0186629027410061	0.00303435695526677	-0.00874752935074793	0.052163075952403	sugars
146	melibiose 2	0.0907271899174981	0.169176392013824	0.166160104573108	0.084250518794131	0.0777228383416766	0.0802703849288042	0.0589746621504223	-0.123051229371036	0.0466044534390259	-0.0877805312527438	0.0319795264999785	0.00146261489368467	sugars
147	Methyl-beta-D-galactopyranoside	0	0	0	0.0322500498385001	0.0301370534249431	0.0274624768483787	0.074191829123621	0.00736349143861763	0.0266551511914964	0.00269730649036166	-0.00579706621251583	0.00967268308726109	others
148	Methyl Palmitoleate	0.204283213604346	0.257508047989884	0.245761185568402	0.527170557700625	0.552788906849542	0.571916539916982	0.0743827799709986	-0.00400551730419687	-0.0149896277121227	-0.00872091194707953	0.00556575224193643	-0.0480272546965412	esters
149	Monostearin	0.510002525021274	0.508741782970796	0.530860685049709	0.364677447235996	0.467097321187134	0.402584350172991	0.0715800958635686	-0.0420144878301734	-0.0337905974271359	0.0606680987756049	-0.0176887966279917	-0.0187983799230513	esters
150	mucic acid	0.0115237025475516	0.0128773028721267	0.0139760704256803	0.00424281000676939	0.00420910691723476	0.00406755017757534	-0.0246585676454508	-0.210056082503716	0.0631446833122538	-0.0355685060620175	-0.0806483565689392	-0.0464334226035587	short chain carbon organic acids
151	myo-inositol	0.134512556852619	0.104239402599345	0.0979350243709613	0.141093410691454	0.130220105707487	0.139492182395551	0.0741942956847637	0.0175868357711197	0.00630655498488841	-0.012118912867075	0.0199348103066982	0.0261127452576557	alcohols
152	Myristic Acid	0.156641823739154	0.114890480525096	0.126739360287515	0.115810141606776	0.124566956154551	0.113148414791713	0.0738976587456554	0.00153129806349631	0.00123281772287271	0.0420227593747026	-0.0211645639407049	0.0483245765584822	long chain carbon organic acids
153	N-Acetyl-beta-alanine 1	0	0	0	0.0403989493317349	0.0404400291890554	0.0409638007620419	0.0744520543358536	0.00763848116546926	-0.00246505033584401	-0.00606038915186639	-0.00164765363923612	0.011536177745474	amino acids and amides
154	N-Acetyl-beta-D-mannosamine 4	0.224905691662598	0.172980608510059	0.165502298260989	0	0	0	-0.0739829915110508	0.000227199072305932	0.000684422905477025	0.0354241797371499	0.0370604369121893	-0.0338911394443908	others
155	N-Acetyl-L-phenylalanine 2	0.0593916565679394	0.0595767441342862	0.0610756348413753	0.0692084018579866	0.0721038954311812	0.0644933463738363	0.0741177303676492	-0.0142601866688576	0.0157031118635595	0.0215287985072286	-0.00693433603776637	0.0303826431735568	amino acids and amides
156	N-Acetylisatin 2	0.0103450372230721	0.00869894621344004	0.00858485765412751	0.0120598480373903	0.0131836903492123	0.0122341447109258	0.0742905191620399	-0.00288275330473758	-0.00638102806942666	0.0246645491312081	0.000226077265648727	-0.0299724509922176	amino acids and amides
157	N-alpha-Acetyl-L-ornithine 3	0.111002847710435	0.494855672152808	0.513127798032285	0.725385711268725	0.0433236121057999	0.950341180094773	0.0411343525506241	0.051302387621381	-0.0115031710912498	-0.271661406208592	0.0666481023060754	-0.00219670762684092	amino acids and amides
158	N-Carbamylglutamate 4	0	0	0	0.00655016792792926	0.00608182544866474	0.00674062342010431	0.0742094585341566	0.0132178987076823	-0.00236196945040573	-0.0232102177165738	0.00306205098307072	-0.00596363699670759	amino acids and amides
159	N-epsilon-Acetyl-L-lysine 2	0	0	0	0.0134678735241075	0.0147065099298595	0.0150699471771078	0.0743322704833632	0.00465256591531029	-0.0203410614409271	-0.00182465819044547	-0.00172424772749697	-0.00888361152975681	amino acids and amides
160	N-ethylmaleamic acid 1	0	0	0	0.0327060874301807	0.0492407884412602	0.0483875076638406	0.0725582007736777	-0.00794898828126186	-0.0666209546765949	0.0237326743668492	-0.00585731173302094	0.00187866061792079	others
161	N,N-dimethylarginine	0.105260482897072	0.121876960571902	0.121125288643923	0.0643493950657616	0.0747056171927566	0.0683973765766436	0.0694720012157336	-0.0790163955848522	-0.0196520136216685	0.0338303387425243	0.0107699217833386	0.00850672694444596	amino acids and amides
162	Neohesperidin	0.473171190154627	0.403774661160047	0.392723605536077	0.280577394548519	0.383027323239567	0.358561903761244	0.0707967078825604	-0.0221469928553731	-0.0738779507047852	0.0607991386104824	0.00936751584892381	-0.038019185320834	others
163	nicotinic acid	0	0	0	0.0889486174377079	0.0758313941878429	0.0807823078977335	0.0739984666110309	0.0153948910158048	0.0206381882764673	-0.0236404599644283	0.00180053650106072	-8.08396646063363e-05	others
164	O-acetylserine 2	5.25768828788851	7.1276439911903	6.84886373221828	2.76628920021107	2.69122785322649	2.48318625055985	0.0345415244039754	-0.189808218688418	0.0927951951884179	-0.0335481111004345	0.0792439202799853	-0.011714582774883	amino acids and amides
165	O-methylthreonine 1	0.0729565331858053	0.145863208462287	0.13861717184557	0.177949260002464	0.214179465605722	0.157561120568818	0.0721637041999185	-0.0445535634890274	0.0180008420162934	0.0497288275092243	-0.0110888921895373	0.00867222737635022	amino acids and amides
166	O-phosphonothreonine 4	0.00429278418917437	0.00470825464699604	0.00239239044438921	0	0	0	-0.0684857571658923	-0.0196193057900384	0.00672389978317754	0.0344332234252583	0.241806477454918	-0.0473980827824779	amino acids and amides
167	Octadecanol	0	0	0	0.0043776805636343	0.00362861867899799	0.00353362161113139	0.0736852007103984	0.0141082719776175	0.0400052913411108	-0.0144633728184679	-0.00187231785312061	-0.0053041892842554	alcohols
168	oleic acid	0.211317851414678	0.21821753077148	0.180660967093813	0.113587736536895	0.127913179749053	0.100216588316674	0.0661679991414725	-0.0596832590902807	0.0413785740561425	0.109331366722644	0.10224819612995	-0.00364649392696133	long chain carbon organic acids
169	ornithine 1	0.0435099845522686	0.948597944104031	1.04651811703311	0.200760484591528	0.322541654952464	0.292677239129866	0.00819010756562975	-0.221844102622141	-0.0388559093700182	-0.0736354130413918	-0.0561020856264138	0.0656116551028266	amino acids and amides
170	oxamic acid	0	0	0	0.111395990873832	0.155540811441172	0.205827467421316	0.0704758892107591	0.00550480734550855	-0.0979372744518361	-0.0266309326945242	0.00994721766008632	0.00297116865341458	amino acids and amides
171	oxamide	0	0	0	0.0346495435109186	0.0349669046636242	0.0373567905243051	0.0743404543105185	0.00894598241129363	-0.0123347473669021	-0.0128028910166764	0.000803368884773335	-0.0108394625358957	others
172	palmitic acid	7.23621447438516	4.25635305305811	4.37067660899829	3.10016778905997	3.56077449674721	3.20137685770731	0.0691836345579799	0.0380667903580368	-0.0265915747368763	0.10973334759919	-0.00041924287585974	-0.0381447002755745	long chain carbon organic acids
173	palmitoleic acid	0.0177292339718819	0.0835955650227743	0.107358518218777	0.0337116656648933	0.0531873381026446	0.0562679061112686	0.0507992129461946	-0.142315353611439	-0.104133461163946	-0.0538415168340887	-0.0946417752450837	0.00860069495857446	long chain carbon organic acids
174	panthenol 1	0.149720311116946	0.120861390025403	0.129608944629944	0.0486456508478479	0.0629569507037352	0.0583315082023073	0.0527971616550132	-0.0623269774129838	-0.130753848123065	0.168594462749206	-0.0492561603195393	0.0161103614771571	alcohols
175	Pelargonic acid	0.0834870636568061	0.0886435480958729	0.0878402174411081	0.0651167711580887	0.0523833858862946	0.0624962024248013	0.0716461635592473	-0.00531735597777541	0.0360644751292205	-0.0821928389763796	0.0379769913975693	-0.0545338911666066	long chain carbon organic acids
176	pentadecanoic acid	0.0963418165026411	0.166099751160651	0.130009655664633	0.111173263346371	0.123127678442485	0.116492298972091	0.0717640161303039	-0.0567911602580207	-0.00634050135445008	0.00146041537781915	0.0704594640544905	0.0324211569782404	long chain carbon organic acids
177	phenylacetaldehyde 1	0	0	0	0.112317963787137	0.0891596154745279	0.0720761900444958	0.0722778816267421	0.0113225473509495	0.0740791413853334	0.00307682346902807	-0.00867694181009982	-0.00919146029527293	others
178	piceatannol 2	0.0385120071217746	0.0129893691294035	0.0181123553292765	0.0746161769926836	0.0373693533724294	0.0661134952395548	0.0666434341675038	0.0645456079918105	0.0446175002863973	-0.108415212146652	0.0179086674475532	0.000711466570022444	others
179	picolinic acid	0.0297983867362579	0.0462102603190811	0.0379817551050764	0	0	0	-0.0692186893641804	-0.077231921127342	0.0140540025557486	-0.016855306189125	0.0948840982004416	0.00574856879767413	others
180	pimelic acid	0.000677297767671219	0.00132400107406863	0.0022621840497369	0.0042052526856091	0.00434242162691987	0.00456729190142065	0.0741583316689409	-0.00855498597103379	-0.0136237481733127	-0.0204900826473	-0.0323595471609955	0.009565613874074	long chain carbon organic acids
181	prostaglandin A2 1	0	0	0	0.00319645989704051	0.00569584006473976	0.00711922510199277	0.0687374910708081	-0.00295125682355067	-0.120192187111408	-0.00720321337282948	0.00604276480119722	0.0334102448655777	others
182	putrescine 1	0.0930408645932952	0.0593745382276824	0.0582207861867134	0	0	0	-0.0730884994635564	0.025543462166963	-0.00354432262112607	0.0522385041005088	0.0288522400994715	0.00555690736261996	others
183	pyridoxal phosphate 1	0.017599567119081	0.0127546636040711	0.0143838519854176	0	0	0	-0.074170752243243	-0.00105026092516283	7.03361516841333e-05	0.0301360128777855	-0.022402552774935	0.00298189196858339	others
184	pyridoxine	0.00139916133616587	0.0141053630723865	0.00811496590666636	0.0101607554919799	0.0108378846456991	0.00890179879004586	0.0688630000174422	-0.077042951452225	0.035541908412626	0.00109296577543867	0.0968646353588574	-0.041316879497139	alcohols
185	pyrophosphate 3	0.0179862215562267	0.0176527847245522	0.0122329359700468	0.00556852175643064	0.00629535185520983	0.00634980393035807	0.021257022513785	-0.05288984152477	-0.0736184891264857	0.122062423770991	0.539296714749014	-0.00188166602542483	others
186	Pyruvic acid	0.050358894108681	0.0477416751084222	0.0502148269923048	0	0	0	-0.0736879629645296	-0.0334468851628886	0.00563550405101522	0.00876580046746448	-0.000446669563581017	0.00543585456112809	short chain carbon organic acids
187	quinic acid	0.0479129005571735	0.0463494131368624	0.0492209280715427	0.0186734106521919	0.0171856760581923	0.0157560394072992	0.0085617799623563	-0.167130125369627	0.207687194412047	0.0415901958149243	-0.0591534545588593	-0.12053475559196	others
188	Ribonic acid, gamma-lactone	0	0	0	0.0637623818611351	0.0501211329917368	0.060546984051076	0.0734175888739393	0.0218543636031705	0.0163153833601712	-0.0447849748801413	0.00788915746397814	-0.00304638804361942	sugar acids
189	ribose	1.10964275743964	1.02607775937544	0.989674011060314	0.436120700569784	0.401256622288861	0.363710867423245	0.0370894297643204	-0.0936124593083475	0.207538578433259	0.105126476754799	0.14863476803545	0.0246905978187117	sugars
190	saccharopine 3	2.67038355994108	3.24525289504982	3.21797456776419	2.06123607629795	2.25189714672711	2.24821041798974	0.0724159156842108	-0.051682444691394	-0.0214978640798306	-0.00544187306624718	0.0145972668182593	-0.0114677692960684	others
191	salicin	0.0584563688300366	0.04850381350046	0.0492035680495273	0.0263331616394865	0.0255785809001615	0.0277068215391025	0.0742316240750772	0.00416595910822987	-0.0178998302285032	-0.00154203499474459	0.0399483862732218	-0.085342852202016	others
192	salicylic acid	0.24189773022265	0.203638144382512	0.214299811465306	0.010872745519636	0.012358130894074	0.0114404079965902	-0.0739801548861574	-0.0208861173585271	0.00151254363392561	0.0262596052739378	-4.36286567100056e-05	0.0174433535093307	others
193	shikimic acid	0	0	0	0.41580316802738	0.312552958820893	0.264531263412067	0.0719543943557772	0.014726138083102	0.0782851940137064	-0.00629261293935956	-0.00634569371857127	-0.0417211575507756	others
194	Sophorose 1	0.0516950016308493	0.0415577665526085	0.0318905948992603	0.030592162826542	0.0173725724220681	0.043698865863122	0.051152413804157	0.077744303353452	-0.0758681558660591	-0.189795000122839	0.141818561773895	-0.00821505789152059	sugars
195	sorbitol	0.00317436770495672	0.0655558061894744	0.0839431762257878	0.0416706709205424	0.0549315916359236	0.0487826980276709	0.0629009225695726	-0.118185983458474	-0.0265280218480182	-0.0222150255459286	-0.0803354541796482	0.0160921800214131	alcohols
196	sorbose 2	0	0	0	0.0139405399751226	0.0147496904141308	0.0123459982410188	0.0742354568184365	-0.000244345332895486	0.0154908041876686	0.0229925931561323	-0.0106922452869109	0.00346137197653841	sugars
197	spermidine 2	6.22680821026858	7.14165219890706	6.71175119302135	4.75510729658119	5.18490255863218	4.88777318163991	0.0730058119350079	-0.0433827575674093	-0.00541589053642981	0.017138061821295	0.0287581009273805	-0.0871546239392691	others
198	stearic acid	4.68937563800251	2.7980624590298	3.04430058988724	1.93151668003966	2.02943797164119	1.94861934568089	0.0694107918702263	0.0549249594732227	-0.0152066026525554	0.091901494967288	-0.0191140668697062	-0.0512758633396689	long chain carbon organic acids
199	succinic acid	1.74230148644287	1.99740606337106	2.05117745041817	0.563693627075017	0.556962249293214	0.529941744274875	-0.0480947471957242	-0.171129514805831	0.0571122070817058	-0.0187205877967678	0.0119162640677272	0.0488301578512825	short chain carbon organic acids
200	sucrose	1.24055225102262	1.03705293698394	1.24498762151496	1.78273587117867	1.72399353904111	1.94196025205414	0.0741350064085638	0.0085025546221184	-0.0155144644559324	-0.0261742890411201	-0.0103829214482183	0.0271853094397803	sugars
201	Sucrose-6-Phosphate	0	0	0	0.00674598734290506	0.0089729705082575	0.0117336968279451	0.0710958182403603	0.00644748894175096	-0.0895111942472845	-0.02706483994163	0.00952846322321765	0.0252083864091756	others
202	sulfuric acid	0.660357698257132	0.399692743078754	0.502722175691631	0.248181037080127	0.291321085634557	0.231814991587652	0.0609411536422782	0.0169490034881556	0.0036229015513248	0.179043808161668	-0.145913517991187	0.0971492627319112	others
203	Tagatose 2	0.305841753476624	0.552261001479778	0.56489156667442	0.232075611180481	0.253665282010764	0.203415975513037	0.0447237366014248	-0.178986302563309	0.0630846640762537	0.0011212003167223	-0.0206430250597115	0.0672592594682041	sugars
204	tartaric acid	0.115953092667206	0.124468818990605	0.121881170528973	0.0342857933123005	0.0364159872952227	0.0351334216596868	-0.0499969198907082	-0.167509553329184	0.0120775057249123	0.0234040311227841	0.0919886508428901	-0.130655312215692	short chain carbon organic acids
205	Tartronic acid	0.226225126888268	0.225622741180793	0.223480725990682	0.241268635792262	0.22945628395111	0.243386031668449	0.0743612854352244	-0.00227784502980552	0.00339872051452619	-0.0195886423522932	0.0129418733756474	-0.0552417976031911	others
206	terephthalic acid	0.0335710002636191	0.0262423137824908	0.0299751321817646	0.0368698016188941	0.0317002382971768	0.0294366472599568	0.0730380553208389	0.0107812338173322	0.0591913333550732	0.00139352698216417	-0.0197688313761412	0.00993386239039891	others
207	Thioctamide 1	0.0150735323652462	0.0125044782210748	0.0141277607961652	0	0	0	-0.074080584743722	-0.0198222486808043	0.00306646295272897	0.0165904536108198	-0.0262507266899343	0.0127818007062197	others
208	Threitol	0.389299117102609	0.302766439567499	0.304193317309232	0.0637903739706483	0.0555476605103657	0.0539205807893677	-0.073168333575344	0.00352361365202725	0.0320180013823812	0.0505246141400126	0.0352843799276258	-0.0705667615565877	sugar alcohols
209	Threonic acid	0.0742578046803098	0.083077752298445	0.0913379475687104	0.0613539613028318	0.0533224282787502	0.0573392122603743	0.0721898153176185	-0.0291047618310728	0.0404994084695918	-0.0569218988888482	-0.0178932859592893	0.0426766630642293	sugar acids
210	threonine 1	0	0	0	0.0120220867043718	0.0100400750586617	0.0136146274065396	0.0730113811174185	0.022768429193905	-0.0152682848703288	-0.0563399532867948	0.012985710773527	0.0189352342485566	amino acids and amides
211	thymidine 5'-monophosphate degr prod	0	0	0	0.054219925738679	0.0540276369767487	0.0612544401912836	0.0741193582693944	0.0112462258971815	-0.0194411827227604	-0.0218610039796327	0.0037277959868535	-0.0198719787305251	others
212	trans-3,5-Dimethoxy-4-hydroxycinnamaldehyde 1	0.0764751360901818	0.0580760572239878	0.0700988038858275	0	0	0	-0.0740596511271328	-0.0117325443956097	0.00143027031513932	0.0205261274354314	-0.0495346547512008	0.0317562146704208	others
213	trans,trans-Muconic acid	0.0511966491089973	0.0451403390522164	0.0402596874255839	0.0277563580368775	0.0289512907495587	0.0250423656447715	0.0714851316018274	-0.0175259177239904	0.0359070950193924	0.0769271471986006	0.0641176517388198	0.0395218704524023	short chain carbon organic acids
214	trehalose	0.686820126381638	0.544882534130419	0.545269060458932	0.192377256236712	0.220313041758832	0.250644165455101	0.0251249224516857	0.000360482485388058	-0.274896486342137	0.0861060278110786	0.142137248732193	0.20771950649651	sugars
215	uracil	0	0	0	0.00676533650056283	0.0205621165751474	0.0215086008114135	0.0650310610020819	-0.0208336668842919	-0.145226149293704	0.0399087701906892	-0.00519692107090115	0.031955464795231	nucleotides
216	uridine 1	0.0269731657246341	0.0212056470851412	0.0239553137719084	0.0146689418103218	0.0135981597784838	0.0151197593050093	0.074061812781242	0.0145919282746279	-0.00353245111537833	-0.026366852903922	-0.0279707672755689	-0.0868950651061381	nucleotides
217	urocanic acid 2	0	0	0	0.034239473997314	0.0336503662267943	0.0331763132989807	0.0744518514401607	0.00755724377621073	0.00519212109797832	-0.00371361122112577	-0.00275396667947772	-0.395855930595445	others
218	valine	0	0	0	0.0340809044134607	0.030475305566073	0.0363661799315339	0.0738822642306572	0.0167670499231956	-0.00713407646071768	-0.0354866066498135	0.00673326019045003	0.172690236285729	amino acids and amides
219	xylitol	0.42789006129242	0.334924817616754	0.340077810272682	0.155376086544947	0.128493199309479	0.118966686207227	0.0152120414938578	0.0427740396787039	0.280350701898091	0.112718795280431	0.0611316249392857	0.441449247973145	sugar alcohols
220	xylose 2	0.747254421817804	0.73412636128789	0.711196989037206	0.309734137933186	0.280667055928742	0.286201508895741	0.0524088232859912	-0.115870727596282	0.131950232579256	-0.0257097244835801	0.173162864162604	0.41034362810215	sugars
