id	B8011	B8012	B8013	LF11	LF12	LF13	B8021	B8022	B8023	LF21	LF22	LF23
Analyte 1	38590.021	49562.338	1624.969				187.627	59592.182	103418.904	0	330.236	108497.141
Analyte 2	13713891	19481579.3	20106936.8	20163041.3	24168150.7	23644492.3	9808218.76	7426899.88	11238517.2	20916315.8	17762797.3	19915662.7
Analyte 3	16191955.3	22822024.6	22812506.2				21004880.4	16004790.8	22276262.1	25396807.9	21933269.4	22881171.8
Analyte 4	3947373.94	4237843.14	4159967.27				4011048.39	2833187.07	3886783.74	4633602.51	3591994.4	4045106.22
Analyte 5	7351671.81	8756365.83	8278070.9	1782809.25	1112645.91	1262218.06	7060560.85	4088325.09	6641822.87	8817709.09	6265254.49	7005511.11
Analyte 6	432816.779	511853.418	478854.864				518486.985	302874.146	482329.346	545014.415	407455.857	469529.503
Analyte 7	533428.854	706845.837	706124.067				474015.756	289753.37	485939.378	693844.774	486280.021	563377.148
Analyte 8	130558.952	52717.347	61524.983				44319.827			77760.914	56672.74	75275.247
Analyte 9	420430.06	1108153.77	1165855.17				1226683.19	684625.472	1435273.92	2045903.83	1723220.88	1965320.79
Analyte 10	1348956.66	1765310.82	1879604.28	5063119.5	6481413.04	6922951.42	3096999.35	1856503.67	3578815.64	2005314.57	1631873.65	2063561.25
Analyte 11	30847.807	31358.289	33106.809				35956.512		36229.724			
Analyte 12	13806480.6	11353137.8	20642752.5	7564023.61	582793502	16864805.5	2091966.55	1733083.46	2228470.64	12532135	4476804.1	4209156.44
Analyte 13				147611.216	150533.657	148615.811						
Analyte 14									7264.964	55274.873		45861.468
Analyte 15										235069.957	211510.625	252454.783
Analyte 16		197335.918	237544.866				85173.962	78360.006	189807.678			
Analyte 17	61755.734	82627.922	69765.243				75628.357	51089.84	80507.164	115148.534	67345.823	
Analyte 18	107750.075	139061.251	109672.221							196215.032	107546.884	126770.409
Analyte 19	43704.368	88486.646	76144.912		1072666.78	983168.72	88845.153	64428.351	94314.209	227789.137	152099.067	179501.673
Analyte 20				91178.954	841.871	1458.349						
Analyte 21		75641.872	64025.104				78959.748	53686.114	69809.67	90918.082	60850.911	72310.498
Analyte 22				32878.117	59926.307	57688.175						
Analyte 23	631513.725		440798.722					94793.713		490645.475		585646.164
Analyte 24								6633.904	7064.531			9574.084
Analyte 25	286806.809	176118.864	144219.755	262047.853	333180.53	282163.033	163858.53	97933.771	102216.566	365270.65	210466.619	263582.492
Analyte 26				2931934.35	3065864.56	2953106.01						
Analyte 27		67830.606	83083.755	762160.976	869438.232	765176.901	61561.297	61369.244	82841.048	192124.349	140538.903	187485.672
Analyte 28			10866.796				7198.798	9975.668	12208.454	40788.054	30828.907	39255.803
Analyte 29	66541.438						28231.975	13707.898				
Analyte 30	209213.309	162935.97	176468.639				221315.748	157028.968			195989.388	228856.153
Analyte 32		623826.441	706558.24				291924.478	262706.994	638951.936	607275.514	637711.151	715661.367
Analyte 34		166593.219	217140.185	10299566.6	10693823.8	9960949.89			211525.127		154104.704	
Analyte 35	1937972.07	2341396.46	2203026.93	2132611.55	2327759.57	2187985.53	2313751.78	1811962.13	2514179.3	2666347.48	2140364.07	2486997.96
Analyte 36	253614.815	305740.572	284412.95	262371.602	293940.661	279715.969	301135.229	205473.133	306143.588	338559.82	271386.927	301106.866
Analyte 37				165230.898	156527.11	136184.913						
Analyte 38	436866.542	331831.384	232549.416				234887.091	98517.729	68759.942	271596.18	150451.83	
Analyte 39	1121966.55	1715939.09	1663104.51	5512334.99	5216426.77	5211685.75	1070806.79	714743.577	1172431.5	5485685.28	3928208.53	4175593.81
Analyte 40	111952.975	76420.981	56223.031	387848.151	424610.185	411316.123	74586.408	44312.948	35866.624	129033.267	84026.177	88498.36
Analyte 41	991208.785	1020446.83	861353.353	1922685.17	2180266.72	2247585.62	1172639.8	802784.486	1109063.82	1850670.95	1301680.84	1448813.88
unknown	20818.789	29478.481	24640.749	39549.261	48684.416	68684.126			35274.626	38222.158	24896.443	36212.506
Analyte 43				14422.009	17225.334	16569.265				78212.619	63110.278	71121.449
Pyruvic acid	38357.499	44892.391	44334.198				51008.591	34168.665	50542.661	49435.297	40325.512	41760.644
Analyte 45	151928.551	200615.48	203342.254	689011.47	772402.464	803473.726	293699.524	187537.34	311933.675	365336.563	265475.147	287467.828
2-hydroxypyridine	26091.075	31919.067	31603.366	22987.512	29575.247		38649.218	21607.552	41590.414	44165.583	38824.773	35139.383
unknown	708616.932	848171.402	764250.041	1908669.73	2105296.7	1777525.11	1028797.35	801647.642	918858.049	1530957.28	1158057.51	1213456.94
Analyte 48	3966855.78	4586507.69	4141930.59	14830071	16411209	15509836.3	3939078.12	2798379.72	3071508.73	8632216.63	6301920.05	6521430.24
Analyte 49	36174.138	48228.198	43159.665				49633.106	36238.16	42641.516	50427.014	40951.877	45868.339
Analyte 50				470406.055	624064.368	586730.602						
lactic acid	8419503.26	10322031.3	9921180.53	73827543.9	79062533.8	75291396.6	3666045.12	1976897.79	3841630.18	31183164.5	18348171.4	19372547.4
Analyte 52	15905.541	13636.24	13591.682					8909.286	8684.087	379176.245	216330.725	219279.659
Analyte 53	1500289.01	1953223.17	1851770.9	33927758.3	36570232.1	32929739.2	2046062.21	1404110.83	2042955.69	2391813.41	1949737.79	2120894.65
unknown	65161.769	76461.217	72854.695				62638.516	52889.026	70579.727	93104.374	74086.719	92601.222
unknown	139898.61	198089.911	194230.59	2115.088		1102.343	35074.684	26976.626	35029.418	759653.714	609526.147	685961.876
unknown	66809.832	81574.867										42131.783
Analyte 57									12086.678	29613.74	9431.873	
glycolic acid	2042001.83	2952460.28	2681521.01	3481081.22	4244498.77	3805808.1	913886.91	655980.044	1009848.41	1224713.72	879032.036	1025921.72
Analyte 59										19283.19	16099.466	18409.029
Analyte 60	99711.148	83989.001	67098.629				109542.449	57858.798	54412.152			
Analyte 61				98009.386	129899.391	99845.356						9137.115
Analyte 62		14775.195					10028.163		33899.562			
Analyte 63	739254.191	14815156.7	14584073.7	120658.551	2923486.77	3143420.97	3284932.76	4232655.85	9837258.38	3484689.46	4021610.81	3606294.7
Analyte 64	28520.421			1718.013	15070.909							
Analyte 65				14845.822	34953.946	31914.237						
Analyte 66	29595.195	57866.261	57415.845	441369.951	393826.69	285935.359	38183.443	33442.518	53531.661	170794.947	135138.754	151167.999
Analyte 67				242855.119	214763.879	140513.751				35566.966	26846.731	31735.888
Analyte 68				45907.544	45239.279	41695.301				36520.85	28304.206	
Analyte 69				122216.018	77804.68	54587.925				100541.693	53021.501	
alanine 1		112179.074	152750.686						28409.168	57600.519	81431.675	90836.357
Analyte 71	171082.558	228679.123	219868.969				236948.672	161863.685	227344.277	266440.139	221648.662	232202.505
unknown				2251977.2	2234182.96	2034165.6						
Analyte 73	37965.698		45549.048				48434.583	37414.163	45249.105	58836.877	49657.249	51681.711
Analyte 74				71972.817	84235.825	66644.049						
Analyte 75	214747.465	453070.65	445958.169	41625.164	48654.7	32942.174	420448.167	311201.12	444191.893	308267.823	265379.773	301861.168
Analyte 76				11888.441	12534.427	8371.024						
hydroxylamine	230339.155	326627.468	318549.865				55393.463	42190.935	61022.343	1239139.18	977563.249	1093712.75
Analyte 78										7925.492	9682.449	10988.639
unknown				57858.216	56413.64	56714.595						
unknown	56431.892	113885.042	102992.07	395451.708	304899.106	295960.788	105037.6	65311.753	109076.69	116253.088	101317.176	107640.267
Analyte 81	77910.994	31427.853	25095.451	24667.994	20869.212	17720.575		24294.524		41570.212	28866.476	29056.643
Analyte 82	125296.27	182764.165	170790.434	267312.589	288087.772	243621.286	183293.993	131169.911	160280.986	187619.872	157274.184	177985.27
2-Ketovaleric acid 2		26209.728	25169.306				26086.558		31050.268			
3-Hydroxypropionic acid 1	2170790.72	3786308.89	3755783.37	2036301.67	2045293.4	2034795.71	4136471.6	2830502.52	4109786.14	2102430.47	1700477.73	1506105.06
Analyte 85				161600.086	139205.821	143255.14						
Lactamide 2	16134.674	21129.33	21184.979				10603.423		11510.41			
Analyte 87					56204.197			19389.799		31916.294	26914.231	31086.744
Analyte 88	8125.74	11508.076	13025.594							33354.724	24020.94	32867.038
unknown		39269.661	47061.62	401400.706	586724.93	499636.579	54582.471	34398.864	67701.429	75764.611	62947.952	83503.073
Analyte 90		15348.381	21987.353								95709.302	104185.045
Analyte 91	16128.141		16928.421				13159.584	7713.417	11521.064	21147.102	16405.772	18155.633
Analyte 92				359763.563	350256.672	356982.084						
Analyte 93	8142.3	23126.04	21826.782	23417.616	40642.696	31917.509	19762.714	13149.624		22771.758	17766.061	17498.687
Analyte 94	13955.755	14950.104					21868.74	10306.256				
3-hydroxybutyric acid	78540.977	86240.918	97135.625	218928.854	228402.014	188851.449	31866.174	23338.187	30524.637	56027.242	45587.529	37684.964
unknown		7664.246	6196.035					3236.916	4004.926	34788.779		17080.384
sulfuric acid	502983.042	375838.57	443848.676	590003.954	745586.06	535746.19	243271.2	218576.278	198853.195	251088.661	292120.889	287239.742
4-HYDROXYPYRIDINE				556303.216						191247.251	130014.39	150523.424
Analyte 99	5568.6	6616.413								8329.81		
Analyte 100	55794.927	81152.711	75730.598	80391.272	82277.16	74037.334	45849.401	28672.757	48337.303	94337.847	71759.647	72032.891
Analyte 101	261207.882	156610.393	108158.006	10058.896			93898.787	38637.103	16639.949	75393.926	41005.784	33383.051
unknown				64189.498	57626.092	49157.25						
Analyte 103	37173.886	49858.289	41891.395	20922.907	26183.24		34056.859	20965.868	23790.62	92129.125	61214.195	60245.384
Analyte 104	241450.925	344358.406	327305.325	3525172.29	3845567.48	3169109.43	390343.977	275455.301	390247.823	424250.288	370871.847	415634.149
Analyte 105				24011.138	21852.512	20202.886				41346.963	25575.706	25278.194
Analyte 106	16489.59	31261.1	24481.475				20644.278	11043.321	15100.595	166796.924	93359.329	95980.568
phenylacetaldehyde 1				267014.932	228188.654	166574.836						
Analyte 108				45012.436	49912.224	61497.547						
Analyte 109		22139.422							21922.91		27831.776	28482.647
Analyte 110	27504.89			11690.333	13836.457		24888.16	16397.32		28309.757	20059.806	18161.126
unknown	37437.528	42503.038	45485.552	375131.754	398154.119	337516.644	15217.206	10692.24	12941.875		64091.687	65780.156
malonic acid 1	143538.17	133018.909	113408.964	271739.538	255453.925	214528.358	196738.26	115758.892	121849.043	284887.2	179839.359	176453.521
Analyte 113				211883.132	389896.646	362276.661				47893.866	48450.441	72984.123
Analyte 114				49093.099	52731.16	50849.713				69626.667	53715.352	60025.676
Analyte 115				13141.887	15829.134	13460.489	7240.335	5662.922	5968.868	10317.203	6254.581	10021.549
unknown				172675.752	168970.049	137943.768						
Methylmalonic acid						71020.516				22788.761	14376.596	17261.439
unknown	47897.499	64317.166	73409.42	121217.62	102449.174	86666.111	85200.739	74090.582	73264.367	121451.214	109022.856	126022.717
Analyte 119	9819.432		21406.628							52102.966		37316.108
valine			20503.246		77996.287	84045.653			17514.678	63503.813	72924.796	88773.57
Analyte 121					25980.906	31357.39	8815.954					
Analyte 122	28172.203	25631.732	23295.782				22856.297	14874.408	13442.511			
canavanine degr prod	108557.063	164839.337	158933.003	236447.842	263089.849	217085.523	159930.502	112267.408	154702.507	174958.164	147029.302	160206.327
Analyte 124	374.004	480.25		181664.845	157988.654	158705.303	687.707		8136.115	61997.016	28264.756	18260.184
hydroxyurea				31161.687	36301.157	27764.247					10087.61	10737.94
unknown				222064.609	230898.984	193344.084						
Analyte 127				8818.123	12809.43	10914.715						
unknown	24066.022	39022.287	34353.825		41856.419	38209.132	12674.992			13778.009		8514.068
Analyte 129				81379.369	84957.141	65400.804						
4-hydroxybutyrate	203361.191	291534.088	345609.123	8391636.57	8947544.61	7780172.47	207217.17	134060.378	243039.5	3220738.25	1706634.68	1649140.67
urea										504784.929	601912.698	701671.742
Analyte 132	10401.266	9272.827	7689.185				8907.929		5019.122			
Dihydroxyacetone				2205656.78	2425889.03	2124847.71				42299.012		28819.308
2-ketoadipate 3				36217.855	40134.244	34238.284						
Analyte 135	36703.809	74461.03	55003.268	214149.682	277129.453	238845.044		14010.958	9405.702	196742.807	137359.906	140235.885
Analyte 136				231900.64	207778.34	199243.446				60554.329	36036.459	31861.048
Analyte 137	10530.584	22733.049	18847.778	103715.506	100933.529	100678.335	188528.008	126503.592	183043.878	206234.398	141554.137	147158.998
Analyte 138				69953.785	69661.977	57673.591						
4-Methylbenzyl alcohol				177493.241	150865.105	132015.487						
unknown							27336.675	22236.845	19354.398			
glycerol	4104519.99	4899397.29	4368614.26	15292014.2	14572782.8	14042668.7	3200630.68	2557338.5	3367057.79	11647349.1	9988228.21	10544807.9
oxamic acid	3963093.92			264823.114	398079.873	475686.584				785358.562		415835.279
Ethanolamine	1388034.22		1633742.8	2301538.83	2451159.03	2246374.05	1148445	1002642.43		1776169.48	1448600.05	1456425.98
Analyte 144									20193.085	31965.724		35864.572
Analyte 145	50945.35	42064.675	17329.865				214688.363				1644856.34	931499.625
unknown				20728.676	19487.936	16761.413						
2-Deoxyuridine				21245.803	23304.921	17417.654				32000.974	24004.85	20238.785
unknown						12211.617				80773.17	45214.865	43399.417
phosphate	114029999	137814168	60242333.4	5779595.3	11788195.8	8489016.4	82647701.9	136192188	42573049.1	31923967.5	31073603.8	35900451.6
Analyte 150	2438506.17	2088027.3	1972904.76				2494469.82	2203760.07	2110193.84			
unknown	789858.335	1198448.79	927431.67				969811.126		879130.385			
Analyte 152				95176.837	111025.705	86427.8				41818.086	29785.577	39329.843
unknown	79.432	0	71.735	19172.11	21856.361	17441.615				4963.788	1819.154	5334.863
acetanilide 2				284647.825	313304.589	245254.715						
O-acetylserine 2	4004690.27	6702257.1	6046797.31	6576334.7	6887733.4	5738876.35	5197514.66	3172336.9	4222855.61	1264390.67	660445.123	757868.125
2-Deoxyerythritol	3264377.75	4364624.2	4323552.76	9184284.92	9176807.84	7816466.31	820729.638	473079.233	823465.633	2368396.77	1563523.26	1597132.95
nicotinic acid				211458.686	194077.371	186695.491						
unknown				83423.409	91039.675	98675.889						
Isoleucine				60646.776	59269.105	55929.562				12222.026	12078.134	11811.704
Analyte 160	34908.273	18098.487	16165.053	9266.717	6470.67	6348.078	18164.622	30683.072	35896.296	16455.642	15490.098	28002.236
Analyte 161				30654.071	33016.632	26674.828	22552.943	15303.364	25002.924	47527.002	34002.094	36271.166
O-methylthreonine 1	55569.73	137157.906	122383.796	423041.052	548155.392	364138.529	216270.119	135589.399	233013.349	149174.472	101275.736	122421.567
Analyte 163	45756.297	59794.993	52562.616	18599.006	21504.718	15912.68	116662.966	81812.281	107044.421	65406.701	44538.492	46972.306
Analyte 165							9383.516	4243.525	8247.675			
Analyte 166				22119.318	22685.948	19040.529					22584.037	27179.275
Analyte 167							17263.336	9409.355	15420.734			
unknown	26984.04				11550.807					14396.53	11293.41	10716.258
glycine 2	1298176.94	1980088.37	1997672.98	2134566.96	2273871.87	2045220.45	1463021.5	1137498.89	1521715.28	2024971.42	1380119.48	1475649.48
succinic acid	1327080.92	1878198.32	1810965.26	1340076.07	1425448.79	1224745.08	1159724.74	886367.718	1207892.12	2289452.88	1615472.37	1668062.52
unknown				24235.346	12404.907	22543.017		9436.235		15957.421		13883.301
Analyte 172				83209.339	93442.243	87765.951						
Analyte 173	19016.542	9010.277	12990.5		10934.025		9728.18	6601.298			11513.276	
"2,3-Dihydroxypyridine"		34250.796	38977.651	260798.142	259105.752	262610.115	24089.011	23736.063	27638.718	32501.18	29059.637	30182.918
unknown				13398.548		10511.68				70985.737	46203.857	52384.178
D-Glyceric acid	400209.215	502840.45	506331.96	373510.972	377069.988	345243.332	196845.858	151541.793	184951.287	179883.474	118909.818	130064.615
Analyte 177		51099.541	65043.127						34483.187			
"2,2-Dimethylsuccinic Acid"		944.839		13726.108		12125.528						
Analyte 179					5674.111	5591.924				2328.931		
unknown	97488.605	110186.524	101751.852	59924.264	66821.24	57934.16	76355.453	63671.689	70734.156	49972.057	40556.497	45734.031
Thymol										102362.916	60551.762	35538.919
oxamide			26805.017	82372.803	89491.76	86335.047						
Analyte 183	5252.201				33508.582	29417.235						
Analyte 184				164408.826	175254.898	151769.874						
unknown	1230494.53	1731774.79	1622252.96	1899482.65	2088789.56	1780823.82	592734.483	425487.552	642247.679	1017051.31	716702.26	750111.19
Analyte 186							48774.599			139524.895	51613.923	37140.782
unknown				10534.254	6573.821	8096.974						
uracil		15941.693		16083.321	52625.19	49708.394				14901.459	19269.824	22625.433
Analyte 189				29906.914	37045.039	31836.003						
Analyte 190		29839.868	34139.508				46966.393	30630.406	47247.692	28974.083	24000.044	35088.347
Analyte 191				37483.197	38950.675	55007.147						
picolinic acid	22696.916	43452.373	33533.734							73008.085	44708.486	45737.288
Itaconic acid	52660.656	31837.908		35872.666	32861.211	27972.592	34644.47	23246.905	20558.025	33603.393	21336.778	26364.499
Analyte 194	40310.396	62463.653	70380.423	212835.05	254360.233	191292.251			20043.521	94534.591	54500.642	57019.79
fumaric acid	55543.482	78395.456	77742.352	27106.742	38707.221	28011.2	24970.938	20235.705	22612.43	50143.274	38794.289	44283.152
unknown				53025.332	54473.132	49833.091						
serine 1			26409.714							13999.281	40211.247	55238.254
Analyte 198		43377.946		48850.296	59361.47	57410.334			27809.94		21897.531	
"2,3-Dimethylsuccinic acid"	120161.431	258009.057	241342.347	199546.721	245615.339	240668.545	230569.347	215615.988	291107.318			
unknown	26137.742	71490.831	72110.985	32301.337	35489.475	33928.077	30468.862	26431.631	32392.302	50331.814	36633.758	40135.503
3-Hydroxynorvaline 2				204394.238	221761.915	253087.328						
cyclohexylamine	858622.766	1183265.39	1283226.78	2961440.62	2978424.66	2387545.53	373075.68	390480.393	476413.127	11195631.9	9312172.53	10592783.1
Pelargonic acid	63590.653	83353.188	77553.301	154802.933	134066.239		78738.054	57614.529	83447.525			
unknown				718686.6	788338.343	641281.3				144409.684	111993.194	143667.355
unknown	38272.361	44180.747	53130.529	56220.39	51304.098	53491.622	50667.467	53024.614	59454.975	61020.384	57572.71	76419.181
Analyte 206	23601.993	34662.941	29541.412	41598.469	59232.315	51492.451	29651.124	21169.511	30484.224	36309.806	24568.931	33586.721
N-Acetyl-beta-alanine 1				96040.939	103499.278	94671.186					14783.434	
threonine 1			13249.423		25695.84	31464.681				25340.415	29432.476	40150.511
Aminooxyacetic acid		46009.396	39251.253	71551.851	92895.878	97689.819			79603.517	82540.236	60137.757	73925.567
Analyte 210	742011.222	811727.668	780234.062	6239511.7	6406566.04	5412559.14	427826.303	246610.707	411340.138	1409803.37	987700.688	1011464.86
Analyte 211		38309.828	34351.657	396566.551	403701.416	396842.489	21588.151	16166.063	17953.586	44886.967	31458.515	32780.827
unknown				89789.38	102884.77	107832.481						
Analyte 213				74908.983	77961.919	85637.697						
Tartronic acid	172311.768	212157.288	197309.029	573571.014	587253.773	562487.949	201939.277	140391.187	197680.916	605491.071	416893.403	448645.792
Analyte 215				11897.067	11830.671	12529.276						
Analyte 216				150657.008	157123.125	140534.9						
Analyte 217				15190.45	19068.489	23252.098						
2-methylfumarate				217414.659	282349.792	207325.783						
unknown	7640.805	11194.565	11102.699	408043.717	431579.748	383739.134				46817.276		29604.488
unknown		69417.009	51987.469	70990.005	65892.784	87837.904	100597.493	80997.859	98480.221			
Glutaric Acid		36552.495	35520.612	51758.363	54509.725	49142.45	16466.603	14140.162		42438.427	30387.796	28252.021
Analyte 223		10976.282	11626.115	17357.445	18607.214	18003.202						8162.85
DL-Anabasine 1				24404.097	25455.444	25663.149						
hydroquinone	9848.572	14725.668	13515.839				9011.037	9422.571	14228.904	23720.866	17562.193	22298.109
2-Methylglutaric Acid	13945.711	16188.692	17880.625	48244.579	39934.911	27362.947	234.537	1122.236	839.185	54109.094	31196.586	35128.662
Analyte 227	7844.983	12117.103	11084.832							44885.033	31605.98	34342.569
Analyte 228				31096.476	35267.656	38858.944						
Analyte 229		3545.729		9734.398	16063.253	13262.396				3018.952	3621.188	6375.196
2-Deoxytetronic acid	11291.104	17717.756	20082.204	19791.936	22453.451	22922.893	10912.237	8370.938	7905.259	19971.82	14020.057	17105.752
unknown				13182.046	23973.641	21481.597						
Biuret 3				17776.123	22262.421	16735.824						
Analyte 233					51374.799	45660			8383.379	58533.92	43499.513	34136.428
Erythrose 2	77713.172	118200.566	111700.19	746891.58	812494.098	686277.035	18658.907	14486.724	18388.91	537278.71	388459.801	373070.019
unknown		11912.137	11782.765								17789.297	16129.994
unknown										37588.368	156758.373	177933.047
N-ethylmaleamic acid 1				77752.6	126023.303	111828.069						
beta-Alanine 2	16857.279	71168.022	71786.311				57538.356	54222.564	65140.088	101640.46	86024.612	98160.014
D-erythronolactone 1		19256.944	19140.942		15499.863	11365.894	11402.317		8297.791	20695.24	16471.993	17088.124
Erythrose 1	322148.514	390877.57	352620.61	4067767.36	4344035.54	3523202.44	57203.992	46492.447	63167.772	3210690.01	2335544.95	2181842.12
unknown				54656.182		54282.048				44085.141		33277.87
unknown		12994.23	13625.082				7079.166	19832.321	25332.772			
Citraconic acid 2	22909.198	27373.196	24944.06	58329.334	50003.521	33079.976				75435.386	42275.224	47903.521
unknown				19522.156	21016.894	15463.968						
Benzylamine				15890.747	16769.608	13958.174						
unknown			198150.587				46276.336	79061.383	229335.512	181906.897	206796.321	201290.973
unknown		32216.995	34843.612		50935.575	55211.09	19078.716	37031.196	48002.122	53205.365	58369.992	80806.692
Analyte 248					47293.074	46571.192				192873.039	209543.802	316126.958
"2,4-diaminobutyric acid 3"				23009.825	36342.18	39141.796						
unknown	71784.402	52063.406	32229.606				34909.293	17747.776	17426.014			
L-Threose 2	24882.526	24302.201		150790.732	231320.605	172455.194			25572.808	63902.187	43131.051	43532.566
unknown										67898.509	48199.606	47231.303
Capric Acid				15170.358	11619.372	11755.231						
3-Aminoisobutyric acid 1	10763.872	78559.446	88039.786	27480.932	34943.62	33324.759	52096.471	55525.217	73880.582	109157.115	92123.854	105552.292
Analyte 255	62126.018	77338.328	80323.966	257836.467	328208.082	262651.077	46752.401	29082.802	41933.011	127223.841	89487.045	93112.16
Analyte 256	24066.111	29212.885	28379.92	27130.731	26134.119	24840.951				16441.577	11696.837	13895.977
Citramalic acid	50551.559	56134.314	52486.558	140391.625	146891.994	131686.588	61611.106	47581.793	58408.697	131601.068	90794.489	100219.529
Analyte 258				198686.929	217740.615	167127.933				69965.612	52512.445	54215.674
Analyte 259		10380.086	14112.397		15765.138	17444.579	6935.531	12431.751	18561.975		21086.159	29853.992
L-Malic acid	135304.675	243477.244	189367.721	39251.508	45251.656	37530.502	175581.677	163610.239	180375.721	486137.429	314992.525	328495.682
unknown	12739.227	16433.836	15726.455	20375.475	18113.977	20163.18					15285.396	
unknown		224963.946	219504.572	297686.836	305385.443					156687.03		108087.062
unknown	184083.444		168254.212	1077878.05	1127412.36	288540.509	48992.557	34764.31	48983.781	124539.023	81667.311	83015.602
4-Hydroxycyclohexanecarboxylic acid		5688.82	5529.612		9870.69						4105.178	5233.287
unknown	6828007.81	7725047.19	7032452.72	16482973.3	17127888.6	14611264.7	6240168.89	4514195.89	5992613.29	8392518.06	5566862	5548311.94
Threitol	296522.407	284696.952	268569.416	151649.672	142164.654	124615.52	1873662.18	1356248.15	1768794.56	87709.73	52533.82	59649.526
Analyte 267		3744.229								7679.233	4235.605	5610.251
unknown	17737.154	24128.299	24854.823	195758.064	212644.637	189713.146	16820.965	8413.577	14749.078	74794.274	53420.612	58744.861
adipic acid	113647.341	84928.165	76034.352	168839.283	84327.061	70796.551	33182.903	19962.719	25007.805	100625.413	60926.136	64524.796
unknown	38351.045	26774.394	21457.859				39828.406	31797.625	39219.304	34647.616		20840.706
Analyte 271				33644.761	34838.316	33384.283						
salicylic acid	184249.319	191484.76	189203.286	25847.917	31628.504	26439.856	96844.397	52205.755	94148.896	119271.216	87984.017	91658.728
3-Hexenedioic acid	178982.538	262937.306	257436.076	925961.082	1069717.5	884247.198	42526.447	33288.342	45425.359	891668.331	593097.481	614649.585
unknown		24993.364	35950.062		96204.282	102023.961						
Analyte 275		20384.601	19887.54						4295.844			10262.535
Analyte 276										22329.335		14893.732
Analyte 277		551150.1	555030.682						583926.971	1214793.12	562299.741	
Analyte 278		862818.67	1133177.17	564239.59	1332129.98	1234177.21			639334.808	1247884.03	1302972.64	1383791.07
Cumic Acid	47418.388	54236.669	64902.093	77714.908	65188.854	81398.521	50331.343	43306.789	55040.873	61519.682	58747.153	73353.942
Analyte 280	48279.967	63476.129	61883.118	88166.749	69066.464	103784.134	20418.196	14927.149	18468.805	17203.271	12192.069	
4-aminobutyric acid 1	19033.802	369900.442	376249.925	287295.109	359883.455	331287.529	372512.837	333260.395	487091.876	601511.449	423670.822	456733.027
unknown	19637.811		18092.118	53395.65	60415.579	55207.948					21771.597	22602.189
unknown				346121.593	395356.577	415201.579						
unknown	11518.899	15250.148	14946.027		15306.982		5299.883	6291.479	8436.921	10253.154	8304.372	9830.466
Analyte 285				100988.244	106729.704					53060.411	43190.598	36670.868
Analyte 286										39334.171	17143.497	13428.414
unknown	213999.717	241094.638	235640.818	548021.103	556295.118	484090.578	152060.416	110119.928	150853.524	372513.901	243901.969	257255.61
Threonic acid	56560.886	78119.566	80641.414	145857.557	136469.556	132516.298	32283.565	23787.15	34930.763	75961.122	50092.056	54147.703
3-Methyloxindole 2	100121.705	308233.74	320873.38	834765.026	907033.253	545056.403	651749.254	554971.92	547342.375	705607.608	390456.546	391426.404
unknown		19563.429		79672.865	76918.022	81416.64				30464.986	28476.579	42898.445
Analyte 291				82103.762	80418.688	71351.272				27932.339	19588.432	20477.164
Analyte 292	41294.854	165332.408	177865.866			21401.338	117829.698	93583.072	127881.849	113226.144	73588.511	86054.381
Maleamate 1			11512.963	48773.31	47685.4	38982.696			12764.964	16618.803		13515.894
Analyte 294	16526.8	16812.619	10670.31	71294.877	67648.156	57848.976	14159.306	11693.138	16636.781	31265.649	20258.862	17923.182
Analyte 295	6364.396	8012.867		7734.696		10093.315	5641.844	4379.273		7706.722	5872.013	5955.894
Analyte 296							14929.862	11350.164	13552.358			
"(2R,3S)-2-hydroxy-3-isopropylbutanedioic acid"			4310.989	79112.19	87018.073	78272.124				42234.582	38078.503	27609.388
Dodecanol	12030.115						4176.917		4461.074			
creatine		97271.854	93622.874	670848.701	780608.509	610564.966				50232.888	34985.872	45169.857
Analyte 300	9212.867	10995.527	13483.537	17465.87	17394.647	17880.809	16749.591	11926.441	18495.312	14453.058	13540.86	9985.996
Analyte 301	39524.969	28376.882	57549.32	7.062	20241.386	48.824	43382.368	30499.174	48510.282	187528.928	111341.639	123369.208
Analyte 302	153016.102	157178.02	145404.093	276833.524	300399.793	248350.375	70489.909	53813.42	71447.296	140030.876	84493.745	96549.944
phenylethylamine								8938.477	12361.367			14287.894
Analyte 304	190035.478	214990.93	216065.836	477161.922	522113.825	405175.97	125441.167	85415.116	122620.846	292785.723	186215.931	205926.757
Analyte 305	492432.799	544500.079	505836.994	783502.208	800001.809	696217.936	310689.422	205975.257	283317.642	539802.147	330084.164	350181.775
Analyte 306					17806.733	14905.801					23998.407	15297.512
Analyte 307				22731.793	30736.824	25372.966				29194.858	29649.289	41822.661
3-hydroxy-3-methylglutaric acid	7721.654			36846.839			8117.325	6707.88		43094.469	22986.675	27157.765
unknown	101735.361	173144.1	169352.837	112689.16	150104.604	124239.019	100908.619	67166.07	103736.787	114333.394	76844.974	87330.421
"1,2,4-Benzenetriol"			17349.691		25724.82	27408.863	13273.738	16483.278	22469.757	24763.829	24315.577	35471.166
pimelic acid	515.886	1244.983	1997.261	9997.201	11113.679					7013.578		
unknown				12170.443	17682.982	12003.433						
Analyte 313										93574.822	65901.783	78466.151
D-alanyl-D-alanine 2	19867.845			122276.004	128000.884	103563.172				56362.003	37401.052	40506.772
unknown		167132.383	173969.652	16382.947	17377.552	18178.236	19244.627	25470.303	26710.278	78093.316	50857.921	54863.668
Analyte 316	14559.713	14626.526	12122.898	14296.81	18332.865	16573.274		7825.134			6147.227	8135.871
unknown	16808.209						57971.375	9129.215	26260.235	21848.196		
unknown				13642.188	11254.756	18704.363						
unknown		7381.255	10473.737	133900.871	185426.772	161274.92	5210.939		6897.286	10712.667	8396.379	7544.164
Analyte 320	9884.987	16164.017	13077.175	30396.727	35185.159	35451.178			16392.001	17062.37		14633.907
beta-Glutamic acid 1	69992.038	99165.129	93452.881	82908.836	91412.358	77802.12	54553.452	39204.893	51268.558	55839.607	36697.864	37997.721
"trans,trans-Muconic acid"		42446.306	35544.899		74095.834	57875.256	57405.512	35310.807	44361.835	92830.776	51722.281	38396.637
Analyte 323				35542.394	36555.344							18394.752
Analyte 324				77410.477	78161.889	78790.114	24503.852	16748.023	23256.869	86305.447	48530.256	50267.127
unknown	4033.873	4421.967	5429.83	11194.693	7786.885	8056.004	6629.324	6702.687	11485.368	10409.33	6262.497	14926.963
unknown				17597.992	19026.529	13618.532						
Analyte 327	109256.164	117350.144	106932.663	35551.995	44914.061	22294.733	112745.372	81995.227	106224.48	71582.221	40821.726	45854.39
unknown		111015.612	122095.135		40978.731	39683.258	27500.795	17725.399	58215.287	56189.776	44441.722	54287.529
4-Hydroxybenzoic acid		28416.602	33552.099	53522.504	61242.13	65155.42				47968.79		37500.577
tartaric acid	88319.466	117040.361	107607.738	81508.055	93200.437	81196.633	24124.619	18665.052	28653.718	38185.456	21529.531	
unknown	699.202			30006.292	39194.287	41895.625			0	22.206	1257.668	
4-hydroxyphenylacetic acid						14147.684					6652.148	6205.163
Lyxose 1	151430.191	176890.993	160352.139	311549.174	312471.013	274100.742	84819.524	150340.454	80863.687	184497.376	108854.638	116321.564
Analyte 334	6630.882	7545.377	6427.083	24899.385	17474.021	19905.005	8189.392		9394.871	134120.6	112470.88	95085.136
pyrophosphate 3		16599.244	10800.344	13238.118	16111.867							
xylose 2	569170.774	690312.763	627909.126	736334.928	718318.909	661438.533	181342.812	64093.305	169764.601	263530.698	155243.68	165530.125
unknown	91537.015	90643.64	88453.87	171142.041	176059.63	143502.795				54234.413	36303.128	41006.282
lauric acid	64465.338	58275.666	54245.971	176431.753	202880.948	162687.583	31114.319	20164.908	31671.142	137624.771	105614.149	91906.518
Analyte 339	379944.914	445653.338	432712.931	464089.318	498669.713	364738.549	292252.013	225154.492	300982.856	261245.707	162129.515	167054.692
ribose	845195.704	964840.129	873773.867	1036795.32	1026947.1	840569.931	540646.661	421896.913	534679.547	700874.379	406697.636	408645.177
unknown					7328.165					24087.921	13916.324	8990.958
unknown				80073.872	74095.583	68598.523					20025.388	20056.886
Analyte 343	8564.055	13673.557		1427615.66	1130216.52	1167702.23	6552.363	3178.738	8956.799	436404.959	281867.623	205956.244
Analyte 344	18407.558	20910.428	31597.144					5052.316				
"Ribonic acid, gamma-lactone"				151583.126	128276.393		22164.277		22358.832	54083.992	33109.501	37490.66
Analyte 346				153281.713	157131.647	124483.604						
3-ureidopropionate 2		36763.835	45823.581	48259.078	60089.076							
unknown	28924.583		31129.296	62949.483	38144.869	57202.025	33310.684	27642.719		45975.627	41717.284	46326.841
Analyte 349		15679.421	17663.818						7689.874	10401.934		9298.075
unknown	8260.577		14474.052	10364.597						4852.552	1427.127	
unknown		12814.957		17027.121	14291.167							
unknown					22804.888					12026.924	10839.651	
cyclohexylsulfamic acid 1	16988.632	15963.854	15957.136	10465.752	12505.182		21070.112	16106.238	17890.442	30060.288	22328.159	20985.146
unknown					4091.91	3585.255				3411.4		
Analyte 355		140016.792	131024.197	181043.23	156432.506	130962.326	60797.714	61046.175	67566.646	136932.351	79221.982	96529.021
unknown				95861.273	97373.151				18751.049	36873.565	20825.175	21607.289
Levoglucosan	6736.385	7342.933	7343.115	67941.742	67884.961	7476.761	33375.697	22099.573	36948.281	46886.088	27938.173	39657.473
unknown				76245.812	72103.589	64066.552						
Analyte 359	24009.239	33637.306	35333.152	31959.768	36917.741	29880.029	9858.095		11232.976		12439.407	19543.571
Analyte 360	162822.436	372970.347	356348.736	46339.244	45066.957	37216.581	97209.466	81703.572	118866.355	117928.572	79641.87	78225.043
unknown		3916.142	6008.742						5741.402			
6-deoxy-D-glucose 1	55743.051		4984.032	115785.914	94169.076	75637.769	5148.752	5814.304		43496.765		
xylitol	325916.462	314936.077	300251.497	369377.558	328856.176	274943.171	1198914.56	857188.352	1098978.01	189145.718	107169.785	113719.742
IS	22623325.4	21819608.4	19192065	25996056.5	27912234.6	17678854.8	21904324.7	17260907.5	18892441.5	22495892.7	16282174.1	17263659.8
N-alpha-Acetyl-L-ornithine 3	84548.95	465322.054	453035.702	1724468.73	110879.311	2196327.61	354572.55	261610.264	455286.318	925848.847	730950.677	746421.249
glycocyamine 2	36998.561	50160.655	47967.928	61247.029	69983.396	56815.875	10730.033	9623.654	14212.84	31550.43	23898.263	24075.471
unknown	20028.926	25607.813	22878.099	169503.578	192706.717	134797.546	7451.881		10577.434	81564.272	55298.899	56166.736
3-hydroxy-L-proline 3	12092.096	14472.253	14780.343	86161.526	96900.64	73434.167				45032.151	30268.236	31381.26
Diglycerol 2	335879.52	383532.929	353467.238	693028.738	738418.42	566225.59	154902.086	113812.255	150876.457	187159.176	109461.945	113101.445
unknown	12127.863	12231.772	13974.691	40664.345	40029.868	31304.643			4485.809	31393.623	18798.787	21620.566
flavin adenine degrad product	149646.376	185647.787	150924.519	26242.494	44454.24	21076.605	71523.745	56244.537	63590.203	164852.539	106033.791	96020.602
unknown				15828.895	10076.587	17713.526						
(2R)-2-amino-3-phosphonopropanoic acid 1										26497.08	17281.43	16645.564
unknown		30173.279	34026.926	33493.619	48775.042	40624.217			21787.883			47262.918
fucose 2				26617.694	24904.841	25696.456						
Diglycerol 1	82569.049	91339.482	84397.392	147608.699	151694.416	122963.767	27818.411	13220.159	12791.505	40659.157	27218.992	30239.121
unknown				12102.775	18166.239	11004.527						
Analyte 378	13546.476	22564.778	21207.599	38971.004		20575.339						
Glucose-1-phosphate	241944.324	425465.888	220182.479	603924.321	1066932.54	767850.535	338467.584	264094.765	564480.636	769178.748	510986.163	633229.887
unknown		84927.622	84607.11		157960.917		33676.574		59651.586	67678.765		62438.072
unknown		911311.652	939988.908	289691.088	780070.177	476952.569	198045.545	177493.219	517313.109	427697.099	320339.082	437060.25
3-(4-hydroxyphenyl)propionic acid	147812.16	211052.207	202947.28	120574.71	134022.274	105751.433	62671.274	43204.975	71141.517	73908.39	51622.519	56509.461
Homovanillic acid	72939.07	256362.749	248660.159	108107.655	124104.315	102660.68	61912.399	50962.594	66161.948	103839.243	62309.496	64814.606
"3,6-Anhydro-D-galactose 4"	17015.339	30113	31609.392	68480.606	90716.536	65439.675	1569.782	2035.61		48342.876	33486.395	30494.398
unknown			5321.35	36345.535	18362.217	35555.999				26323.208	12974.927	10109.668
2-deoxy-D-glucose 2	243.042	15297.307	16077.35	19260.202	18286.822	13836.215			5297.932		5969.864	6450.605
2-Deoxy-D-galactose 2				35446.623	31840.739					40506.748	22287.7	26028.469
unknown	15210.538	18674.681	18484.919	26628.299	40567.16	29860.791	9291.008	5770.192		24951.582	19353.535	19023.285
unknown		10036.28	7079.063	8198.579						16852.88		12464.515
3-phosphoglycerate		19177.18	21593.498				108.67	344.028				
azelaic acid	461552.444	566138.958	535099.799	1822739.06	2080458.95	1632554.04	409220.057	304824.682	481429.254	1303898.66	830718.102	828052.738
thymidine 5'-monophosphate degr prod				128897.723	138274.416	141564.757						
terephthalic acid		24676.139	26464.762	87651.051	81131.291	68030.853						
unknown		24676.139						7831.498	8290.573	59148.234	37161.997	40381.988
Analyte 395	480118.817	3023163.81	3139282.47	3461755.45	4022645.11	3887974.53	1189361.41	1233959.13	1575529.69	20900238.9	13655531.5	14124708.7
shikimic acid		146022.325		988494.19		611356.563	200483.217		108278.175	2111922.29	1199465.87	1133360.11
alpha-D-glucosamine 1-phosphate				15068.398	20646.95	16456.466				42421.327	25997.346	27423.669
unknown				30375.106			25842.823		31774.775			
citric acid		90266.802	75313.037				31234.623	32044.054	35427.373	42067.435	36634.797	29278.977
unknown				59021.343	98074.913	64082.907						
Adipamide 5				100661.763	167724.566	94199.01			18644.575			
N-Acetyl-L-phenylalanine 2	45237.598	56021.128	53923.103	164530.019	184537.481	149050.173	50863.97	37729.208	57217.614	136475.849	89451.417	90665.843
unknown	14972.734	20886.324			59426.006	44840.186					30223.333	
ornithine 1	33140.803	891984.408	923960.993	477270.468	825489.721	676404.553	69610.904	69833.619	101484.81	1596409.58	1181215.85	1107940.43
unknown	8719.924	10196.961	10042.251	26474.23	29132.417	19260.583	4809.975	4031.754	7819.236	19844.956	12203.07	12053.459
Analyte 406	73502.544	72584.032	70596.157	176115.919	158232.679	138356.665	56498.447	36152.192	56761.359	113296.498	65725.588	66711.12
unknown	24727.894	28391.666	31419.586	184694.874	100629.386	191511.684	31487.2	24025.401	32972.388	65868.089	53285.618	57296.075
Analyte 408		47538.532	47177.824	92123.718	125134.848	107662.21	24445.836	15175.073	34865.872	97953.761	65018.235	66348.544
Analyte 409	701.261			16979.043	20539.228	15512.853				30954.009	18710.771	17855.462
Analyte 410	1081026.32	1384541.18	1304408.85	1603198.13	1811452.01	1429108.08	527095.697	435277.41	538726.845	1062929.22	639700.824	661839.112
O-phosphonothreonine 4		4427.26	2112.219							16521.425	12122.891	
beta-Mannosylglycerate 2	164155.684	165326.158	168851.95	390264.095	344508.268	281916.098	103113.856	67142.795	90507.913	254995.018	148342.323	143046.882
unknown			126180.246					86026.605	130659.63	240593.166	136625.726	151476.847
N-Acetylisatin 2		8179.782	7579.49	28670.031	33741.381	28274.256			3187.6	9471.263	5313.887	7604.338
unknown										28968.055	14926.9	19282.939
Methyl-beta-D-galactopyranoside				76668.456	77130.589	63468.36						
quinic acid	36494.428	43583.221	43456.694	44392.538	43983.773	36413.685			86.685	7342.842	4223.156	
Myristic Acid	119311.369	108033.67	111896.988	275316.931	318807.634	261496.6	47523.63	39731.381	44509.897	256408.527	190402.49	176535.942
Atrazine-2-hydroxy 3		140491.499	131510.398							159540.873	94557.642	101450.372
Tagatose 2	232954.376	519301.36	498737.446	551716.319	649212.527	470113.4	258606.236	168042.17	256476.54	446650.943	255187.315	271862.235
unknown	33929.885	51292.351	46931.605	82343.671	111618.399	69561.879	23647.439		21899.418	40382.448	26597.157	27700.803
fructose 1	9594006.59	10068529.24	8754981.19	17279211.73	19076079.87	13592043.49	458171.286	953970.79	1030372.489	5494148.62	3377290.05	3191051.55
Dehydroascorbic Acid 1	56349.643	58445.989	49086.51						81304.953	84574.601	39754.274	44719.105
panthenol 1		113648.228	114430.517	115645.928	161127.454	134809.587	47885.988	38140.259	61016.483	146530.919	90883.764	98428.133
Benzylsuccinic acid	271369.009	363427.861	365404.543	660311.379	783185.064	643617.444	69397.965	56614.642	50062.344	332080.799	207645.402	246692.745
galactose 1	16115.894		15992.065	62698.643	58834.532	81122.565	11810.901		11602.356	24713.625	15895.671	17007.807
sorbose 2					37749.288	28532.76				14843.877		
Gluconic lactone 1	33097.073	36045.702	35251.543	83598.603	85337.987	75625.401	19176.005	14596.725	20607.757	66405.679	43560.3	41426.728
Allantoic acid 1	15969.836			100771.231	102502.628	92411.646				42069.997	23778.303	
unknown		186635.915	220241.298	220893.844	449956.136	434824.714	182554.311	199166.532	366591.563	481170.574	368893.259	405829.792
unknown	14034.957		14698.888		21217.809		6825.772			12775.523	8406.493	7545.341
glucose 1	2462623.663	2568227.739	2538706.238	5131229.26	5216353.61	4650389.302	409774.535	375808.869	396325.917	1449674.036	953202.195	884980.006
D-Altrose 1		401788.782	415469.977	261261.152	434142.857	376005.531	32263.614	18509.956	31309.362	109391.839	52807.259	57719.025
urocanic acid 2					86122.307	76673.572	26975.977	27850.756	53185.937	64896.109	27012.032	22215.02
pyridoxine	1065.717	13263.537			27737.696	20572.892		5794.373	7236.097	13921.357	7917.027	10181.965
unknown				285806.421	280823.993	227004.786						
putrescine 1	70867.618	55830.99	51402.584				61736.894	44823.01	56177.639	115614.579	66798.195	65770.386
N-epsilon-Acetyl-L-lysine 2				32017.348	37638.775		25604.712			44551.027	24998.787	30633.809
Analyte 441		27788.692	48354.395					7923.214	16313.077	9993.59	14923.214	15479.203
arginine								73038.414	106901.798		107231.07	139728.555
mannose 2	380767.64	393693.042	398147.901	1102277.66	1136562.89	1006971.4	64233.046	58019.986	62793.484	232137.985	150219.597	136705.578
2-amino-3-(4-hydroxyphenyl)propanoic acid 1		41382.941	38711.746				21304.218		20059.729	43648.768	36594.186	29166.743
Analyte 445				1757574.16	2470960.35	1489600.2	152305.817					
Methyl Palmitoleate	155598.992	242139.639	216980.237	1253249.31	1414767.84	1321752.77	711094.635	606158.283	858406.985	1113943	608242.512	724257.733
Analyte 447				64573.435							27234.54	27226.212
unknown	8646.284	10500.188	12841.782	46707.305	58981.484	48021.193				35735.059		22142.734
mannitol	160859.88	153725.843	146614.756	282131.997	478812.289	282827.603	409281.675	288919.45	370314.94	118618.211	68637.974	65097.354
Analyte 450				23469.738	22589.274	26040.655						
sorbitol	2417.861	61643.352	74112.64	99064.219	140587.932	112741.391	15535.984	9302.444	21804.468	40246.586	26733.351	35107.232
unknown	129808.696	126059.335	124177.278	181258.72	845265.218		50360.69	32664.187	46097.829	100938.491	57134.049	61147.356
ascorbate			21754.191	116073.57	117104.261						33730.593	
unknown	21672.83	23533.049								57676.051		34933.419
carbamoyl-aspartic acid 1				34286.119	31250.698	44316.784						
4-Pyridoxic acid		16296.088	14042.184						7352.6	3301.351	4893.877	4663.046
pentadecanoic acid	73381.896	156186.706		264293.621	315124.051	269224.63	46729.549		48148.737	238209.414	171469.321	160473.378
"Hydantoin, 5-(4-hydroxybutyl)- 2"		524819.739	671552.3	193935.942	387236.453	363186.817	90759.212	81107.841	160988.516	1195676.25	1066528.84	1046232.5
unknown	1287.88	27854.646	27315.033		25760.597		18794.718	17207.01	31338.792	39885.859		16008.922
unknown			5097.708	46459.611	43259.379	43840.864				14848.282	11339.229	11529.506
unknown					55017.993	54676.039					14713.362	
conduritol b epoxide 2	69450.925	64564.382	53140.124	1528191.33	1217075.38	1242794.78	35548.069	23915.898	39474.144	174030.363	104913.622	102942.858
Analyte 463		44323.932	44911.161	87147.608	106789.519	94666.649	23398.456	19169.362	30318.656	66790.416	38514.559	40629.369
1-Hexadecanol	2165.166	1030.62		28350.659	20908.782	21550.937	1597.916			18882.611	7821.475	
Analyte 465				39284.329	47392.013	37014.646						
caffeic acid	7074.551	6142.727	6997.44	19411.39	25567.689	17340.819	5010.296	2967.547	5088.163	7150.665	4480.762	5340.986
Analyte 467	31918.02	29599.17	33581.78	322041.686	172638.744	272128.649	35851.588	27125.053	35509.682	74378.148	63397.558	64790.871
Analyte 468	205080.912	237294.227	232261.01	16742977.4	10130126.9	15761762	146146.513		197192.418	3668532.34	4104064.14	2159828.61
Analyte 469							10945.11	9592.603	11559.734			
unknown				9606.477	17342.105	15641.892						
unknown	33271.443	58809.47	43596.602	42155.916	67847.709	60811.531	35993.43	13366.487	57834.624	53087.442		38009.971
unknown		48221.785	52387.735	16399.755	116979.15	103018.667		11024.342	16273.8	31045.309	38803.018	40683.908
Analyte 474		20980.337		36943.258		34116.457			12467.18	26142.171		
Galactonic acid	5742.376	14132.211	16678.087	108808.146	101275.012	103908.632	7115.047	2863.539	7054.068	11228.216	4911.066	8045.82
gluconic acid 1	251867.921	449864.901	385501.16	1283708.74	1290853.08	1054569.67	366441.4	198025.728	258721.449	471803.943	367624.371	438357.96
Analyte 477				706919.695	834364.011	682147.651				596266.552	371695.457	384055.996
Analyte 478								2178.484			19765.628	20033.42
Analyte 479	15744.517	17821.14	17168.006	107675.232	121977.227	102882.828	19027.902	11366.286	18259.903	55685.942	41028.086	38254.795
Analyte 480	9582.456	8456.882	4698.126	49571.012	43451.416	37896.725	10632.612	7718.431	13078.381	11173.929	6391.612	
Analyte 481	342711.277	545184.617	519238.5	705711.873	861204.927	685218.215	423275.993	349432.334	459924.227	699259.201	419437.287	432436.499
palmitoleic acid	13504.051	78606.475	94785.825	80143.174	136123.816	130040.409	25869.975	23707.283	41503.649	312181.117	243711.507	252458.726
unknown				27676.183	28987.47	31746.647						
Analyte 484	10296.338									13604.381	12666.419	
N-Carbamylglutamate 4			12708.964		15565.383	15578.213		15912.296	33416.47	45246.984	38727.61	43518.739
mucic acid	8777.405	12108.769	12339.341		10772.483	9400.49			9837.192	16625.898	10714.86	10335.902
Glucosaminic acid				63944.414		59689.143		962.192			4978.276	2745.85
Glucoheptonic acid 2				143402.501	173770.593	142543.322				98482.856		
palmitic acid	5511699.46	4002328.47	3858829.23	7370068.54	9113188.02	7398682.21	2743178.78	2337900.74	2675150	7585793.5	5262170.97	5358185.12
Analyte 490		401908.91	464546.245	448538.759	806252.349	801052.659	105352.945	137118.002	205502.075	1054035.67	779552.223	845360.207
unknown		31905.145		94174.586		107973.097					91903.396	94422.014
unknown	1137464.05	2724236.89	2563557.24	3610903.9	4375047.43	3815203.53	1764519.23	1371451.05	1971433.65	6961425.07	4748231.84	4795063.26
Carbobenzyloxy-L-leucine							55697.005	39465.093	61386.107	75626.912	47566.397	49275.62
unknown				138037.071	136736.398	122541.138						
unknown	69058.27	73905.958	69013.888	101541.426	297219.456	332140.331	41233.109	32488.743	47901.116	146198.429	38788.634	42610.759
cis-sinapinic acid			1331.524	11950.452	44129.423	37002.585	536.813		4102.197	17556.154	727.762	640.16
unknown	14391.872	21115.224						5741.036	9191.515	44884.764	31590.711	35316.49
unknown				250251.711	263147.897	226866.378						
unknown	13836.506	15032.823	14716.14	48479.187	49999.057	48995.888			6940.948	14588.947	10622.388	11762.203
unknown	43979.636	39894.937	43898.885	113137.791	127050.72	104228.042				95744.618	55329.788	58427.89
Analyte 502		97764.35	144908.719	22984.476	107667.973	87064.489	46666.204		90321.822	269893.35	228538.329	37903.148
Analyte 503		28281.258	53780.686		54601.983	55002.935			8974.981	223406.694	198781.213	191275.355
myo-inositol	102455.889	98018.262	86465.911	335423.17	333275.895	322379.518	60635.462	54462.56	63893.893	246112.087	144098.049	147427.627
"N,N-dimethylarginine"	80175.09	114603.188	106940.377	152978.64	191196.139	158072.753	54189.539	45902.77	53806.748	103852.766	60197.434	60167.257
Linoleic acid methyl ester	1819454.54	2614691.27	1845702.06	7867004.28	8166446.19	9594124.21	5931979.98	5914088.61	7593165.84	7958908.93	4938748.83	5110595.82
unknown				156871.665			37538.711			25965.166	60858.558	
"trans-3,5-Dimethoxy-4-hydroxycinnamaldehyde 1"		54610.004	61889.574									81447.764
N-Acetyl-beta-D-mannosamine 4	171306.777	162656.905	146120.421							89600.75		
Analyte 510							119940.515			558651.929	343109.119	296149.239
unknown	107120.074			441115.64	382945.75	398539.13	118440.387	83678.449	113158.762	263863.458		126221.277
unknown		103782.749	92540.858			46140.476				52630.193	126263.029	15630.301
unknown	23031.728	26230.461	23542.505	228411.542	238541.784	246102.69	70497.142	40282.509	61099.033	114003.408	71717.435	79786.299
unknown	13415.583			76312.085	65281.44	77408.425		9169.116	13516.049			
unknown	7.829	111881.494	112118.51	171169.975	264133.41	241576.279		24467.01	52459.978	202985.348	124041.59	134561.785
unknown	59888.365	209864.053	201124.116	98874.034	124753.387	106954.67	130279.158	113424.174	153309.056	427528.701	288203.019	262198.352
unknown	19594.808	18895.536	18226.566					9153.228				
Analyte 518	132619.538	201571.212	162072.874	681884.744	782498.873	772078.015	484392.153	466124.747	571335.477	624385.708	382766.013	429407.063
Analyte 519	12084.745		17631.101	72812.05	83565.701	89193.544	44891.597	45214.462	63826.859	58293.423	33950.851	
5-Methoxypsoralen	95898.597	260576.991	257693.067	139545.054	261138.928		190669.768	153697.074	219796.538	395164.731	270379.004	260911.675
Analyte 521	1232313.87	1570810.08	1488079.11	2291140.23	2613811.28	2368294.5	1258915.46	997928.873	1353046.17	1409985.88	884978.974	893790.414
Analyte 523										42079.595		34555.848
Analyte 524		19826.075	17063.973	62087.537	71241.708	61678.435	15709.391	11094.826	16054.633		21361.729	
Isoxanthopterin				41403.225	50413.055	40591.161						
Analyte 526			32320.401		66745.919		5566.441			85672.506	67042.314	69948.016
Analyte 527	24409.053	25486.173	22741.216	49327.862	66326.767	61018.119		14228.558		63634.495	38282.115	35704.473
unknown		10260.056	9946.974	16421.8	23547.219	27677.081	8373.261	6592.377	10040.667	21294.22	10734.64	10093.24
noradrenaline			37812.054							123867.331	105500.82	104656.464
d-Glucoheptose 2	87769.832	71951.033	65086.934	623880.702	381380.434	455849.288	52854.453	40093.439	49582.962	137310.18	68243.891	72131.087
unknown			7332.082	77227.08	68720.822	65612.475				53937.783	26849.842	28006.765
Octadecanol	3720.812			10407.116		8166.531						
unknown				37045.635	25218.895	29502.558						
Analyte 534				113513.824	166676.051	144152.199				17726.78	25098.892	25691.527
unknown		23240.178	20237.779	89364.296	74272.528	71675.083	19238.618	15209.425	18838.547	42807.395	22292.905	25112.345
unknown				115562.567	105946.158	91164.157						
Analyte 537				15724.369	35627.407	24993.293				26478.933	15888.147	16404.292
"Fructose 2,6-biphosphate degr prod 1"				16292.264	36153.922	29395.491				18640.573	13718.402	9960.837
Analyte 539						17233.201				17958.61	11847.944	
Analyte 540	37760.779	40229.186	36932.968				35996.435	24129.758	34608.369			
Analyte 541		19299.501	10393.81	30408.905				21106.584	15572.147	38004.749		
unknown		5063.46	6399.87									17542.668
L-kynurenine 1			7928.952	5181.837	5162.679	40074.17	1419.869		2182.238	16231.079		15389.595
Analyte 544	1105.423			44343.569	100259.81	75619.061						2686.323
Thioctamide 1	11481.249	11758.195	12473.267	22501.642			16183.524	12410.826	18259.905	27276.96		
unknown	109588.529	138716.188	86229.862	450686.308	481866.211	470919.082	200345.986	152240.229	224384.69	670594.723	458902.865	403710.244
"2,4,6-Trihydroxybenzophenone"					7619.421	8313.241			2846.423	5698.949	4049.677	5515.823
3-Hydroxypalmitic acid	14462.486	19132.521	17921.768	62224.566	81347.573	65893.935				10540.676		5390.093
spermidine 2	4742852.16	6715429.28	5925741.94	11304377.4	13269863.6	11296102.3	9912620.84	7575956.62	10547629	13437374.8	7717975.53	8006024.75
5-Hydroxyindole-3-acetic acid 1	24158.528	38771.647	35776.429	28282.521	747.933	29357.033	27997.296		32389.688		23315.156	23111.005
unknown							19322.401	12726.569	16670.571			
oleic acid	160957.154	205194.03	159503.867	270033.579	327371.716	231609.936	109624.175	72734.93	116398.462	330908.334	165807.339	175829.745
Elaidic acid		5548.365	5346.358	28443.254	32603.986	25073.246		4738.918	4342.909	22987.663	9443.641	
Analyte 554	130773.848	129538.251	121887.233	424104.728	436360.354	400653.184	160273.3	123575.22	166765.23	43692.023	25876.31	24964.571
Analyte 555							22257.017	24314.565	45358.437	77025.877	49970.196	57513.182
Analyte 556		13217.443	12603.771	39672.048	54872.888	54056.239				49612.909	32317.673	32673.314
Analyte 557							13655.118	16641.11	25477.52			
Analyte 558		31676.526		42966.451	54161.7						25696.915	
stearic acid	3571816.35	2631070.52	2687784.33	4591819.31	5193996.37	4503442.09	2261823.5	2227148.42	2220671.85	4144111.48	2478335.15	2800959.5
Analyte 560				37326.664	41215.776	43096.076	3318.581	2726.34		9127.987	7201.624	5308.833
Analyte 561				35763.47	161268.911	198875.483						
unknown	39822.555	25983.119	26614.217	331059.823	165603.202	268493.919	29179.388	26628.687	25422.809	62201.747	49065.443	44797.552
pyridoxal phosphate 1	13405.286	11993.449					49380.417	42352.269	56934.691	107642.2	59655.227	60922.985
Analyte 564		28151.178	29595.798	46273.144	61071.655	61522.479	13449.353	11533.745	13101.066	27496.381	15500.131	18877.341
Analyte 565				54089.327	54546.49	55789.05						
Analyte 566	46939.346	60528.608	60134.739	106662.502	148751.397	132034.703	22511.81		28766.649	53104.604	28662.166	30682.997
unknown		44809.516	45718.087	41035.454	57766.384	47881.977				27713.456		14743.796
Analyte 568	25829.766	34379.222	38851.323	87138.052		84298.427	17556.452	17554.237	14901.131		34505.194	40165.225
Analyte 569	66956.759	128398.035	115211.412	392992.539	483509.83	433645.568	93349.283	72131.156	103278.123	333222.588	161569.008	188594.969
Analyte 570	36539.178	58439.014	56428.739	97883.02	103081.325	88626.881	39841.315	38220.003	43915.922	95677.543	40344.923	51360.228
Analyte 571		30800.545	32220.378	59655.304	111832.072	103658.626	7329.883	6863.824	16009.092	50529.464	36523.685	50402.003
Analyte 572	145873.547	182548.582	161053.382	193775.732	93736.856	85718.46	133497.468	108047.296	140134.278	45105.364	26680.223	31800.296
fructose-6-phosphate					11744.286	11068.883	1842.419	2550.474	3919.317	8416.512	3739.072	5931.882
Methyl yellow							25316.856	21802.935	31633.773	62066.807	30183.981	30379.37
Analyte 575				107568.137	103125.901	59694.916						
Phenyl beta-D-glucopyranoside										50117.365	20837.024	33396.223
glucose-6-phosphate 1	62594.279	427537.213	400713.832	632551.512	903322.047	846344.199	151884.846	131404.786	216653.574	1315706.39	760016.284	800103.012
Analyte 579				45559.331	47119.444					25586.89		
unknown	12712.064		2023.037	35876.693	17327.115		5791.446			13697.629	4068.939	
Analyte 581	156984.286	210673.848	178599.394	532581.099	609910.507	603569.75	340497.715	320342.101	391288.024	472666.657	239809.203	256703.829
unknown	29745.462	25462.692		18862.182	24705.133	21835.413	11584.177	10781.52	10345.389	24162.665	12168.785	
Analyte 583	11169.967							3493.458		5287.913		1942.868
Analyte 584				69795.827	69680.773	75540.347	27696.501	23876.231	40829.954	146255.147	75804.946	81909.013
Analyte 585	37385.518	17247.698	11709.371		47342.533	37619.293				30563.493		
Analyte 586		27641.565	24663.797	45754.613	54061.417	60946.79	26088.943		29534.616	52238.811	26634.174	27239.28
indole-3-acetamide 3			17203.863	31797.269	36681.004	29180.444	8753.053	7974.602	9255	17597.598	10224.279	10509.899
Analyte 588							46972.407	24797.699	48684.723			8139.405
Analyte 589		22994.732	12665.561	71700.376	109146.474	76227.324		3825.832	10273.831	58113.288	49525.047	37706.488
Analyte 590	220762.104	118814.643		191717.059	160886.193	234733.892	101833.372	119200.172	123276.35	251892.855	85374.535	
Analyte 591					38171.795		8079.073	1771.836	7814.715	31374.598	13142.099	
Analyte 592	225124.757	199788.948	185109.653	535385.216	577311.837	478252.839	139003.185	101436.008	138813.508	540120.168	245355.84	266147.619
Analyte 593			27389.829	347257.402	700624.695	731958.175				68847.921		
Analyte 595		21633.765						17881.528	24570.693	28727.189	15603.16	15021.107
Analyte 596	40733.831	36745.594	32114.335	58463.933	64129.755	58415.95	24327.454	19673.277	25423.129	53888.293	22959.384	27582.642
Analyte 597				18435.875	18681.581	18947.326	8917.425	5128.305	8500.653	13175.157	7809.716	7923.407
Analyte 598	24442.099		13051.997		34963.434	28065.427	12618.385		10626.625	23341.316	8730.052	956.364
Analyte 599	25611814.7	20221212.7	4780995.11	26593260.9	21214916.2	21192162.6	7189832.66	10994058.7	4038033.58	14023833.2	4928382.16	1353958.49
Analyte 600		134246.214	64455.046	473279.471	267867.34	352729.795	142519.335	71809.36	66390.378	127127.526	58177.034	61405.634
Analyte 601		13787.287	10382.445	55262.158	61260.329	60328.779	12602.43	12361.395	13327.128	45194.595	20969.302	25625.309
2-Indanone		284400.663	245665.924	236671.603	409992.991	224156.753	156540.5	204461.076	161498.919	315309.333	113543.734	126049.917
Analyte 603				97413.747	116721.005	105450.001				102086.041	49312.487	56558.057
Analyte 604		11906.549	2580.937	6071.891	39929.344	35047.436						
unknown				95748.309	113456.408	109403.69				108196.131	55523.533	56978.021
Analyte 606				100921.269	126022.615	119482.277	13313.607	8783.324	10812.795	202304.585	102316.575	109556.272
Dehydroabietic Acid			23250.97	109550.576	132345.179	130130.994			8535.264	22340.935		
6-phosphogluconic acid		33158.049	25573.777	23828.591	78778.434	52462.888				27912.087		
unknown		9996.621		39929.395	53199.468	53158.357				42777.742	22130.831	23650.575
unknown			15911.908		18729.039	18555.733	5514.107	4961.618		12406.354		
Analyte 611										21511.337	9126.835	8466.509
Analyte 612		42298.114	30171.524					2604.988	10580.133		12184.621	
Analyte 613				23478.188	29515.461	32636.119						
Analyte 614					82060.648	50242.752					27589.387	
Arachidic acid	36657.778	40053.799	34091.943	95216.55	104624.575	98534.732	32670.297	30978.003	37190.622	71427.911	32507.254	37786.465
Analyte 616	64877.389	48665.98	36975.73	93642.79	189144.218	98163.456	28737.997	34466.498	44072.369	68125.998	33510.777	46786.887
cytidine-monophosphate degr prod		111418.742	94716.25	67279.007		88056.512			21492.207			
unknown	36723.024	73270.784	61355.706	196125.331	228644.677	221838.589	46574.799	37086.673	53289.531	268299.196	140738.906	157715.506
saccharopine 3	2033984.99	3051572.06	2841119.45	4900202.89	5763342.25	5195825.16	3741694.22	3050149.31	4154425.81	5971522.69	3286875.26	3658176.42
unknown		111513.768									82135.043	91773.093
unknown		46915.089	43532.329	82665.367	104230.207	94048.63	46303.939	32188.414	46846.279	111371.842	51606.621	59992.797
uridine 1		19940.067	21149.921		34802.144	34943.182			11532.764	16329.542	6050.733	
unknown	67534.429	76115.198	66760.08	219811.926	243664.691	227242.72				97329.859	42093.938	55388.66
Neohesperidin	360406.315	379676.874	346731.974	667020.229	980292.354	828670.193	151698.263	124425.598	162043.587	482267.205	209009.683	265194.47
DL-dihydrosphingosine 1	128434.835		126704.701			168858.024	239353.133	165369.208	235513.078			
unknown	94971.113	80820.551	71572.874	234360.344	249120.616	239695.326		63488.183	94126.998	173130.572	80944.031	94877.427
unknown	42624.28	46835.035	37916.646	93763.969	109786.593	93283.725	9044.265	7545.47	11030.748	25487.593	10056.889	18805.391
unknown	160390.523	143260.926	122136.268	379258.857	395190.755	383742.558	92040.426	69283.461	102410.05	200979.57	101894.997	122354.603
unknown			23302.827	56935.116	95569.99				20443.156	51071.024	30961.171	
Analyte 630	424288.683	695594.419	559951.068	1933900.4	1815494.51	2664701.49	2562594.18	906798.173	1407811.29	3947775.66	1973224.5	2858267.32
salicin		45609.044	43441.367	62602.162	65463.965					30473.059		17025.113
unknown	14701.252			31438.833	37948.883	33855.843				19760.302		13077.842
piceatannol 2	29333.93	12214.147	15991.228	177385.992	95640.413	152794.489	17017.676	16237.468	18614.365	31196.186	25978.616	32416.209
Analyte 634	9394.503	16428.051	13901.929	18586.054	27953.881	21068.065	7379.731	9925.318	9505.932	19678.613		9429.527
Analyte 635	86181.275	128585.359	116075.692	504024.046	612292.302	589018.605	152097.445	103741.319	163333.902	645712.296	294730.733	415980.477
Analyte 636	45248.559	167948.263	155697.114	582728.964	778770.343	727960.566	164471.011	135373.928	212668.838	1071901.87	614963.631	719041.167
unknown		12166.822			20941.648	19248.547						
2-Monopalmitin	245709.495	204103.268	170885.321	669100.655	678219.158	614599.934	132488.526	105850.446	123546.503	295389.072	121502.687	154595.392
Dioctyl phthalate	237029.494	139696.787	123350.401	728155.636	747921.992	729459.681	126896.874	105081.534	120828.884	1974652.77	1121583.69	1407228.58
Analyte 640				238943.701	273749.546					59639.101		
Analyte 641	737.908	16448.624	851.088	15391.221	33745.842	35926.668	3964.651		4502.762	51109.174	26560.729	36167.965
Analyte 642		35784.798	33395.683	35919.134	71715.35	67347.884			12339.017	110499.237	61337.739	75217.823
Analyte 643		83567.112	106093.303					12542.049	46161.918	18012.04		
unknown	50674.695	53328.763	50972.06	129298.005	141704.602	138247.27	32757.623	25761.459	39310.392	64223.96	36845.335	39958.716
Analyte 645	4617.416	436.236	1731.817	19282.372	19479.145	20551.457	22589.18	12535.949	26234.405		10969.399	12959.836
androsterone 1	698.91						22921.185	14829.058	21814.199			
1-Monopalmitin	866213.518	787473.312	783165.33	1684559.82	2304300.09	1600497.61	539769.417	534383.497	557993.856	1019743.4	585311.443	589455.4
Analyte 648	77775.871	63315.835	47764.778	99878.096	104885.765	91264.084			39068.34	32426.653	25591.953	46849.933
unknown	27112.794	91662.014	94773.404	76838.815	148726.757	88078.956	43501.292	64741.094	56544.488	93713.018	50845.087	45181.655
Analyte 650				61579.321	67743.199	60464.152	11015.395		14856.205	39774.924		
Analyte 651	486741.564	413822.514	370802.462	379730.084	406663.575	354911.771	350291.16	240686.27	310884.234	413658.142	195727.129	228555.717
Analyte 652	1730285.39	1692405.2	1543705.59	1584869.95	1885981.25	1678700.56	1230532.19	858611.343	1180407.51	2249847.06	1219438.15	1411211.4
Analyte 653			74665.208				78205.169		38990.237	114028.041		70395.364
Analyte 654	46871.172	77915.635	67491.463	169941.787			26487.163	21478.234	39188.198	159956.645	85230.927	88016.803
Analyte 655	76824.656	84471.876	61361.524	1520457.12	1446069.06	1727907.01	24208.5	21178.905	20923.054	1292802.3	679591.559	651058.483
unknown				236934.557	764373.501	468402.987	4250.072			65480.315	68013.227	99593.921
Analyte 657		522883.437	521890.156	327576.442	666458.144	636123.066	159775.487	141683.96	255562.109	393376.156	253342.159	265694.571
sucrose	944907.202	975160.294	1099187.85	4238120.79	4412264.04	4488052.3	183014.265	156073.514	194723.928	1076403.24	755681.518	577223.693
unknown	52545.478	53771.787	53635.617	68972.684	100570.726	99042.875	40873.778	29559.329	42039.019	53142.316	32093.565	37170.717
unknown	877756.39	880949.005	839058.787	1193117.89	1259102.2	1353561.62	596371.939	433685.548	574555.85	1135726.81	684719.495	763670.362
unknown	58890.671	80437.379	80604.98	770491.415	902673.814	779737.984				223442.233	126749.633	144874.871
Analyte 662	100652.402	90938.066	67570.64	163190.301	278502.434			44767.563		79606.008		54465.373
Analyte 663		35400.124	33623.034			585.692	12186.95		18741.531			
Analyte 664	161150.042	134188.405	118336.099	188057.909	222959.12	163088.175	84048.235	59715.988	76900.561	155182.322	88004.023	100524.414
Analyte 665				14784.065							4210.766	5789.188
Analyte 666	68244.187	60464.837	55467.202	485375.185	561161.081	498128.562	51619.328	31466.368	51566.859	209984.183	124195.067	136220.984
Analyte 667	40642.577		44848.367	630018.804	719344.508	673241.284		23940.706		170336.332	99446.265	112786.286
Analyte 668	29024.373	25968.941	25824.56	113631.019		116296.055	26862.401	23199.085	30618.173	87950.813	45965.437	64922.084
Behenic acid		48652.907	20838.432	83821.344	143475.489	111794.555						
prostaglandin A2 1				7598.985	14577.52	16453.197						4295.736
unknown	144040.767	118137.526	113566.643	287502.189	343032.061	306204.155	111987.718	84861.771	110972.521	193501.925	117530.368	145420.257
Analyte 672				619879.888	661987.02		64630.051			532753.467	404667.853	
unknown						155244.674	24329.878		28874.087			60828.022
Analyte 674	115185.339	101592.425	99847.374	245614.688	291607.508	253415.743	83436.75	62163.357	81494.299	161373.267	103408.958	111062.115
lactose 2			25202.017	484707.613	558063.122	554243.658		6894.77		121431.879	84840.952	87684.998
xanthosine		9781.764								162.203		236.054
unknown				125497.779	150054.844					18455.781		17345.354
unknown	38616.876	32281.08	34110.505	113241.283	47214.692		19134.578			19931.186		
Analyte 680	214461.82	169246.192	160643.292	396286.604	501732.818	473067.78	61256.467	46451.502	50913.68	123314.527	118633.134	106165.381
unknown	64310.329		45333.76	138942.754	173236.84	171130.899	34260.614	25538.817	34282.873	63768.636	50731.685	49801.325
unknown	41404.594	20639.769			37075.041			22321.749				
unknown	49036.848	50599.73	47501.001	68876.282	116986.892	108642.089						
"5beta-androstane-3,17-dione"	28339.031	120854.857	124336.264	199101.086	307069.157	315207.843	156701.041	126375.026	181823.512	253352.215	218590.103	202687.262
unknown	307306.847	591517.73	588928.018	971245.753	1325735.29	1302374.84	890733.924	724014.578	934353.182	1101512.86	954587.139	864068.948
cellobiose 2	76777.554	52620.593	77457.081	145014.083	210170.132	200190.049	56403.488	46800.503	45814.961	46300.249		
Lactobionic Acid 1	119094.467		102817.281		257872.279	232282.154					55099.704	45438.864
trehalose	523139.016	512363.249	481412.92	457340.912	563853.222	579262.177	3197749.77	2501288.45	2963635.02	221094.895	188140.159	172319.733
unknown			3055.471	25486.508	30453.982	38686.082						
Sophorose 1	39375.189	39077.546	28155.906		44462.102	100992.178	27245.758	22798.173	27710.945	2184.742	8963.338	9525.972
unknown				131712.195	162050.442	210554.067						
Monostearin	388460.106	478379.424	468691.901	866952.36	1195455.01	930410.196	226183.872	256531.676	249261.614	277949.653	254158.588	179191.333
unknown		31951.65	31346.993		44717.762			21924.099	18337.303		18447.833	17398.493
"4',7-dihyroxyflavanone 2"	17829.249	39539.966	33444.41	38136.496	51161.75	73159.55	44318.382	33463.528	47245.894	134304.436	124398.433	108181.504
Cetadiol 2		19475.374	16901.904	33058.458	54012.72	59060.167	10977.503	12635.578	20296.301	64779.703	59494.34	53160.215
Analyte 696		60748.409	52026.206	114535.636	199921.327	288270.869	39555.885			141700.632	139073.66	132453.177
unknown				57351.216		68892.931						11861.955
Gentiobiose 2				234329.61	239089.639	261111.076			14714.705	142372.778	128161.882	114037.814
unknown				95962.183	128733.72	98789.097						
Anandamide 2		40934.112	30815.702		80903.882	39577.186		19000.407	21427.184	18229.008		
Digalacturonic acid 2				71049.271	59034.436	50155.386						
melibiose 2	69105.332	159079.729	146701.192	200289.836	198918.196	185512.389				53569.202	29875.957	
Galactinol 3				190255.18	97707.143	167594.503		6131.085				
unknown				195234.776	185631.339	150644.453				44487.852		
Analyte 705		160380.309	216528.485		176496.631	189419.057						
Analyte 706			17289.033	101665.196	159782.676	165923.074				21049.075		
Analyte 707		89389.711	101166.326	231878.739	352358.527	402946.182	40959.644	26281.112	36713.402	61649.678	26979.957	32429.938
Sucrose-6-Phosphate				16037.322	22964.77	27117.674						
Analyte 709	498881.279	789585.321	761071.577	1802612.38	1819159.43	1667103.55	198783.558	162923.708	383290.25	1676639.5	600047.604	714466.61
Analyte 710	52355.411	90299.889	67313.979						25300.414			
Analyte 711		22485.012		32257.605	44728.982	46216.915			26359.075	73441.803	25413.872	33367.867
Analyte 712			87062.427							237651.248	56608.074	
Analyte 713	292488.924	291533.705	468449.722	917250.72	793722.884	642705.344	70109.029	64423.644	170391.243	669700.561	210812.055	151085.166
Analyte 714	327671.752	311969.839	390995.405	621986.563	588309.078	534005.584				283252.032	65059.64	37437.589
Analyte 715	50805.635	74854.539	82450.172	226317.441	219874.231	174153.167	23847.707	17378.134	14084.239	224282.872	69428.898	69319.166
Analyte 716				190877.538	190976.883	184373.709						
Analyte 717				57790.268	53056.127	21280.955					12833.286	
Analyte 718				143375.953	195098.383	201465.653			166417.615	134437.828		
Analyte 719				70519.293	66479.513	67202.043				62513.957		
Analyte 720				320039.997	328094.477	312775.891				168295.304	43012.974	
